   7.0000000e+01   8.5000000e+00   8.6330000e+00   8.7260000e+00   8.7970000e+00   8.8420000e+00   8.8740000e+00   8.8950000e+00   8.9100000e+00   8.9200000e+00   8.9270000e+00   8.9320000e+00   8.9360000e+00   8.9380000e+00   8.9390000e+00   8.9410000e+00
   2.0000000e-03   3.0299814e+10   3.0299170e+10   3.0286399e+10   3.0255302e+10   3.0207432e+10   3.0150997e+10   3.0090636e+10   3.0024097e+10   2.9957598e+10   2.9888970e+10   2.9816882e+10   2.9736971e+10   2.9650912e+10   2.9607936e+10   2.9522397e+10
   8.0404040e-03   2.9977771e+10   2.9977185e+10   2.9964601e+10   2.9933887e+10   2.9886579e+10   2.9830796e+10   2.9771128e+10   2.9705351e+10   2.9639608e+10   2.9571761e+10   2.9500493e+10   2.9421488e+10   2.9336405e+10   2.9293916e+10   2.9209344e+10
   1.4080808e-02   2.9278831e+10   2.9278369e+10   2.9266189e+10   2.9236305e+10   2.9190214e+10   2.9135847e+10   2.9077683e+10   2.9013555e+10   2.8949457e+10   2.8883305e+10   2.8813814e+10   2.8736778e+10   2.8653813e+10   2.8612382e+10   2.8529913e+10
   2.0121212e-02   2.8226258e+10   2.8225980e+10   2.8214406e+10   2.8185769e+10   2.8141507e+10   2.8089270e+10   2.8033367e+10   2.7971720e+10   2.7910096e+10   2.7846492e+10   2.7779675e+10   2.7705603e+10   2.7625825e+10   2.7585986e+10   2.7506682e+10
   2.6161616e-02   2.6854643e+10   2.6854598e+10   2.6843807e+10   2.6816790e+10   2.6774905e+10   2.6725437e+10   2.6672474e+10   2.6614055e+10   2.6555649e+10   2.6495361e+10   2.6432023e+10   2.6361804e+10   2.6286174e+10   2.6248406e+10   2.6173222e+10
   3.2202020e-02   2.5208215e+10   2.5208442e+10   2.5198582e+10   2.5173499e+10   2.5134458e+10   2.5088304e+10   2.5038862e+10   2.4984307e+10   2.4929753e+10   2.4873436e+10   2.4814264e+10   2.4748661e+10   2.4677998e+10   2.4642711e+10   2.4572463e+10
   3.8242424e-02   2.3338733e+10   2.3339254e+10   2.3330439e+10   2.3307538e+10   2.3271713e+10   2.3229308e+10   2.3183850e+10   2.3133668e+10   2.3083476e+10   2.3031653e+10   2.2977198e+10   2.2916821e+10   2.2851781e+10   2.2819302e+10   2.2754642e+10
   4.4282828e-02   2.1303058e+10   2.1303883e+10   2.1296186e+10   2.1275644e+10   2.1243302e+10   2.1204960e+10   2.1163820e+10   2.1118382e+10   2.1072919e+10   2.1025972e+10   2.0976634e+10   2.0921926e+10   2.0862987e+10   2.0833555e+10   2.0774959e+10
   5.0323232e-02   1.9160570e+10   1.9161693e+10   1.9155151e+10   1.9137067e+10   1.9108367e+10   1.9074277e+10   1.9037659e+10   1.8997188e+10   1.8956680e+10   1.8914840e+10   1.8870862e+10   1.8822094e+10   1.8769548e+10   1.8743308e+10   1.8691066e+10
   5.6363636e-02   1.6970578e+10   1.6971976e+10   1.6966588e+10   1.6950987e+10   1.6925980e+10   1.6896206e+10   1.6864181e+10   1.6828757e+10   1.6793284e+10   1.6756635e+10   1.6718106e+10   1.6675376e+10   1.6629329e+10   1.6606334e+10   1.6560554e+10
   6.2404040e-02   1.4789850e+10   1.4791490e+10   1.4787216e+10   1.4774054e+10   1.4752689e+10   1.4727177e+10   1.4699690e+10   1.4669256e+10   1.4638763e+10   1.4607248e+10   1.4574109e+10   1.4537352e+10   1.4497734e+10   1.4477950e+10   1.4438561e+10
   6.8444444e-02   1.2670422e+10   1.2672259e+10   1.2669029e+10   1.2658196e+10   1.2640331e+10   1.2618920e+10   1.2595804e+10   1.2570177e+10   1.2544483e+10   1.2517917e+10   1.2489975e+10   1.2458977e+10   1.2425559e+10   1.2408871e+10   1.2375646e+10
   7.4484848e-02   1.0657768e+10   1.0659747e+10   1.0657465e+10   1.0648797e+10   1.0634210e+10   1.0616647e+10   1.0597635e+10   1.0576527e+10   1.0555345e+10   1.0533433e+10   1.0510378e+10   1.0484797e+10   1.0457211e+10   1.0443436e+10   1.0416010e+10
   8.0525253e-02   8.7894211e+09   8.7914838e+09   8.7900317e+09   8.7833234e+09   8.7717272e+09   8.7576837e+09   8.7424325e+09   8.7254660e+09   8.7084220e+09   8.6907796e+09   8.6722092e+09   8.6515987e+09   8.6293659e+09   8.6182639e+09   8.5961615e+09
   8.6565657e-02   7.0940936e+09   7.0961781e+09   7.0954250e+09   7.0904387e+09   7.0815012e+09   7.0705946e+09   7.0587002e+09   7.0454349e+09   7.0320910e+09   7.0182673e+09   7.0037089e+09   6.9875463e+09   6.9701041e+09   6.9613944e+09   6.9440562e+09
   9.2606061e-02   5.5913016e+09   5.5933473e+09   5.5931552e+09   5.5896351e+09   5.5829945e+09   5.5748077e+09   5.5658296e+09   5.5557842e+09   5.5456611e+09   5.5351632e+09   5.5240998e+09   5.5118127e+09   5.4985455e+09   5.4919208e+09   5.4787348e+09
   9.8646465e-02   4.2914795e+09   4.2934293e+09   4.2936603e+09   4.2913443e+09   4.2866270e+09   4.2807280e+09   4.2742098e+09   4.2668844e+09   4.2594849e+09   4.2518007e+09   4.2436954e+09   4.2346892e+09   4.2249575e+09   4.2200984e+09   4.2104288e+09
   1.0468687e-01   3.1965326e+09   3.1983362e+09   3.1988579e+09   3.1974890e+09   3.1943252e+09   3.1902859e+09   3.1857741e+09   3.1806724e+09   3.1755020e+09   3.1701223e+09   3.1644410e+09   3.1581239e+09   3.1512913e+09   3.1478801e+09   3.1410941e+09
   1.1072727e-01   2.3007583e+09   2.3023737e+09   2.3030649e+09   2.3024007e+09   2.3004387e+09   2.2978506e+09   2.2949123e+09   2.2915594e+09   2.2881451e+09   2.2845826e+09   2.2808140e+09   2.2766198e+09   2.2720769e+09   2.2698091e+09   2.2653006e+09
   1.1676768e-01   1.5920461e+09   1.5934416e+09   1.5941958e+09   1.5940168e+09   1.5929342e+09   1.5914219e+09   1.5896584e+09   1.5876168e+09   1.5855223e+09   1.5833275e+09   1.5809997e+09   1.5784054e+09   1.5755896e+09   1.5741843e+09   1.5713935e+09
   1.2280808e-01   1.0532607e+09   1.0544154e+09   1.0551445e+09   1.0552596e+09   1.0547722e+09   1.0540032e+09   1.0530609e+09   1.0519418e+09   1.0507791e+09   1.0495521e+09   1.0482452e+09   1.0467856e+09   1.0451960e+09   1.0444031e+09   1.0428317e+09
   1.2884848e-01   6.6370972e+08   6.6461409e+08   6.6524903e+08   6.6549963e+08   6.6536671e+08   6.6505861e+08   6.6463569e+08   6.6410706e+08   6.6354454e+08   6.6294309e+08   6.6229779e+08   6.6157434e+08   6.6078198e+08   6.6038719e+08   6.5960814e+08
   1.3488889e-01   4.0060222e+08   4.0125746e+08   4.0174934e+08   4.0201070e+08   4.0203810e+08   4.0196122e+08   4.0181174e+08   4.0160212e+08   4.0136826e+08   4.0111212e+08   4.0083374e+08   4.0051983e+08   4.0017275e+08   4.0000034e+08   3.9966317e+08
   1.4092929e-01   2.4041713e+08   2.4083434e+08   2.4115345e+08   2.4133448e+08   2.4137450e+08   2.4135247e+08   2.4128643e+08   2.4118545e+08   2.4106941e+08   2.4094070e+08   2.4080003e+08   2.4064133e+08   2.4046541e+08   2.4037846e+08   2.4021008e+08
   1.4696970e-01   1.6011449e+08   1.6031323e+08   1.6044747e+08   1.6048873e+08   1.6043786e+08   1.6034515e+08   1.6022604e+08   1.6008178e+08   1.5993084e+08   1.5977144e+08   1.5960191e+08   1.5941349e+08   1.5920917e+08   1.5910802e+08   1.5890951e+08
   1.5301010e-01   1.3814148e+08   1.3814803e+08   1.3810056e+08   1.3797092e+08   1.3776570e+08   1.3752294e+08   1.3726301e+08   1.3697684e+08   1.3669131e+08   1.3639769e+08   1.3609000e+08   1.3575031e+08   1.3538623e+08   1.3520526e+08   1.3484556e+08
   1.5905051e-01   1.5520411e+08   1.5504953e+08   1.5483588e+08   1.5452822e+08   1.5413969e+08   1.5370746e+08   1.5326126e+08   1.5278087e+08   1.5230720e+08   1.5182334e+08   1.5131802e+08   1.5076076e+08   1.5016494e+08   1.4986821e+08   1.4927540e+08
   1.6509091e-01   1.9479425e+08   1.9451231e+08   1.9415724e+08   1.9368356e+08   1.9311087e+08   1.9248247e+08   1.9183932e+08   1.9115057e+08   1.9047327e+08   1.8978236e+08   1.8906113e+08   1.8826562e+08   1.8741521e+08   1.8699131e+08   1.8614244e+08
   1.7113131e-01   2.4347854e+08   2.4310378e+08   2.4263808e+08   2.4202440e+08   2.4128801e+08   2.4048182e+08   2.3965778e+08   2.3877600e+08   2.3790903e+08   2.3702465e+08   2.3610115e+08   2.3508213e+08   2.3399241e+08   2.3344896e+08   2.3235915e+08
   1.7717172e-01   2.9096997e+08   2.9053588e+08   2.8999333e+08   2.8927473e+08   2.8840973e+08   2.8746157e+08   2.8649154e+08   2.8545287e+08   2.8443107e+08   2.8338836e+08   2.8229898e+08   2.8109638e+08   2.7980983e+08   2.7916804e+08   2.7787962e+08
   1.8321212e-01   3.3001339e+08   3.2955086e+08   3.2896546e+08   3.2818144e+08   3.2723133e+08   3.2618741e+08   3.2511766e+08   3.2397098e+08   3.2284204e+08   3.2168946e+08   3.2048464e+08   3.1915409e+08   3.1773009e+08   3.1701961e+08   3.1559189e+08
   1.8925253e-01   3.5612300e+08   3.5565908e+08   3.5506275e+08   3.5425330e+08   3.5326451e+08   3.5217511e+08   3.5105670e+08   3.4985645e+08   3.4867377e+08   3.4746581e+08   3.4620238e+08   3.4480664e+08   3.4331233e+08   3.4256671e+08   3.4106691e+08
   1.9529293e-01   3.6721323e+08   3.6677028e+08   3.6619106e+08   3.6539336e+08   3.6441070e+08   3.6332501e+08   3.6220831e+08   3.6100848e+08   3.5982524e+08   3.5861620e+08   3.5735098e+08   3.5595283e+08   3.5445550e+08   3.5370834e+08   3.5220395e+08
   2.0133333e-01   3.6316393e+08   3.6275910e+08   3.6221986e+08   3.6146591e+08   3.6052910e+08   3.5949116e+08   3.5842157e+08   3.5727105e+08   3.5613552e+08   3.5497481e+08   3.5375954e+08   3.5241623e+08   3.5097727e+08   3.5025923e+08   3.4881205e+08
   2.0737374e-01   3.4535794e+08   3.4500306e+08   3.4452081e+08   3.4383575e+08   3.4297702e+08   3.4202291e+08   3.4103787e+08   3.3997712e+08   3.3892938e+08   3.3785805e+08   3.3673582e+08   3.3549509e+08   3.3416573e+08   3.3350242e+08   3.3216420e+08
   2.1341414e-01   3.1622402e+08   3.1592573e+08   3.1551138e+08   3.1491273e+08   3.1415541e+08   3.1331157e+08   3.1243875e+08   3.1149781e+08   3.1056772e+08   3.0961641e+08   3.0861948e+08   3.0751707e+08   3.0633575e+08   3.0574635e+08   3.0455618e+08
   2.1945455e-01   2.7881144e+08   2.7857168e+08   2.7823026e+08   2.7772775e+08   2.7708583e+08   2.7636845e+08   2.7562503e+08   2.7482270e+08   2.7402905e+08   2.7321711e+08   2.7236590e+08   2.7142454e+08   2.7041573e+08   2.6991249e+08   2.6889555e+08
   2.2549495e-01   2.3641599e+08   2.3623265e+08   2.3596384e+08   2.3555987e+08   2.3503829e+08   2.3445356e+08   2.3384641e+08   2.3319042e+08   2.3254110e+08   2.3187669e+08   2.3117997e+08   2.3040949e+08   2.2958383e+08   2.2917206e+08   2.2833969e+08
   2.3153535e-01   1.9226955e+08   1.9213722e+08   1.9193624e+08   1.9162674e+08   1.9122230e+08   1.9076735e+08   1.9029400e+08   1.8978198e+08   1.8927489e+08   1.8875595e+08   1.8821178e+08   1.8761015e+08   1.8696554e+08   1.8664421e+08   1.8599500e+08
   2.3757576e-01   1.4929941e+08   1.4921031e+08   1.4906881e+08   1.4884447e+08   1.4854720e+08   1.4821155e+08   1.4786160e+08   1.4748262e+08   1.4710719e+08   1.4672298e+08   1.4632029e+08   1.4587537e+08   1.4539889e+08   1.4516154e+08   1.4468309e+08
   2.4361616e-01   1.0995789e+08   1.0990267e+08   1.0980987e+08   1.0965744e+08   1.0945218e+08   1.0921950e+08   1.0897644e+08   1.0871293e+08   1.0845198e+08   1.0818498e+08   1.0790558e+08   1.0759730e+08   1.0726751e+08   1.0710344e+08   1.0677464e+08
   2.4965657e-01   7.6118169e+07   7.6086801e+07   7.6030491e+07   7.5934243e+07   7.5802383e+07   7.5652360e+07   7.5495487e+07   7.5325302e+07   7.5157085e+07   7.4985085e+07   7.4805786e+07   7.4608576e+07   7.4398088e+07   7.4293609e+07   7.4087195e+07
   2.5569697e-01   4.9029551e+07   4.9012030e+07   4.8979570e+07   4.8922637e+07   4.8843783e+07   4.8754011e+07   4.8660357e+07   4.8558863e+07   4.8459103e+07   4.8357298e+07   4.8252154e+07   4.8137317e+07   4.8015374e+07   4.7955125e+07   4.7840208e+07
   2.6173737e-01   2.9322828e+07   2.9309807e+07   2.9288987e+07   2.9254608e+07   2.9208157e+07   2.9155868e+07   2.9101998e+07   2.9044004e+07   2.8987820e+07   2.8930766e+07   2.8873094e+07   2.8811088e+07   2.8746007e+07   2.8714158e+07   2.8658651e+07
   2.6777778e-01   1.7055840e+07   1.7039119e+07   1.7018863e+07   1.6991436e+07   1.6957922e+07   1.6921505e+07   1.6885091e+07   1.6846548e+07   1.6810135e+07   1.6773479e+07   1.6737673e+07   1.6700116e+07   1.6661433e+07   1.6642762e+07   1.6615544e+07
   2.7381818e-01   1.1788896e+07   1.1761765e+07   1.1732668e+07   1.1698581e+07   1.1660771e+07   1.1621000e+07   1.1582105e+07   1.1541503e+07   1.1503516e+07   1.1465412e+07   1.1428440e+07   1.1389762e+07   1.1350016e+07   1.1330795e+07   1.1303523e+07
   2.7985859e-01   1.2680268e+07   1.2637714e+07   1.2592405e+07   1.2540633e+07   1.2484331e+07   1.2425284e+07   1.2367328e+07   1.2306742e+07   1.2249341e+07   1.2191529e+07   1.2134063e+07   1.2072772e+07   1.2008858e+07   1.1977536e+07   1.1926053e+07
   2.8589899e-01   1.8592850e+07   1.8531633e+07   1.8464961e+07   1.8387429e+07   1.8301989e+07   1.8211644e+07   1.8122033e+07   1.8027817e+07   1.7937362e+07   1.7845873e+07   1.7753054e+07   1.7652586e+07   1.7546678e+07   1.7494337e+07   1.7399655e+07
   2.9193939e-01   2.8204137e+07   2.8122756e+07   2.8031830e+07   2.7923547e+07   2.7802111e+07   2.7672627e+07   2.7543065e+07   2.7406190e+07   2.7273592e+07   2.7139116e+07   2.7000951e+07   2.6850115e+07   2.6690146e+07   2.6610749e+07   2.6459610e+07
   2.9797980e-01   4.0112982e+07   4.0011546e+07   3.9895633e+07   3.9754637e+07   3.9594111e+07   3.9421824e+07   3.9248323e+07   3.9064404e+07   3.8885161e+07   3.8703083e+07   3.8514498e+07   3.8307551e+07   3.8087301e+07   3.7977729e+07   3.7762772e+07
   3.0402020e-01   5.2937752e+07   5.2817785e+07   5.2678105e+07   5.2505230e+07   5.2306044e+07   5.2091214e+07   5.1873853e+07   5.1642886e+07   5.1416838e+07   5.1186988e+07   5.0947589e+07   5.0683976e+07   5.0402797e+07   5.0262718e+07   4.9982291e+07
   3.1006061e-01   6.5401773e+07   6.5265960e+07   6.5105396e+07   6.4903912e+07   6.4669598e+07   6.4415954e+07   6.4158412e+07   6.3884285e+07   6.3615142e+07   6.3341309e+07   6.3054887e+07   6.2738710e+07   6.2400953e+07   6.2232534e+07   6.1890195e+07
   3.1610101e-01   7.6403013e+07   7.6254926e+07   7.6077674e+07   7.5852824e+07   7.5589459e+07   7.5303585e+07   7.5012522e+07   7.4702343e+07   7.4397030e+07   7.4086295e+07   7.3760141e+07   7.3399397e+07   7.3013612e+07   7.2821122e+07   7.2424897e+07
   3.2214141e-01   8.5066065e+07   8.4909868e+07   8.4721059e+07   8.4479531e+07   8.4195088e+07   8.3885707e+07   8.3570026e+07   8.3233335e+07   8.2901215e+07   8.2563152e+07   8.2207229e+07   8.1812912e+07   8.1390874e+07   8.1180195e+07   8.0741659e+07
   3.2818182e-01   9.0775421e+07   9.0615587e+07   9.0420892e+07   9.0170269e+07   8.9873922e+07   8.9551122e+07   8.9221176e+07   8.8869078e+07   8.8521107e+07   8.8166917e+07   8.7792962e+07   8.7378065e+07   8.6933707e+07   8.6711805e+07   8.6245039e+07
   3.3422222e-01   9.3190006e+07   9.3031040e+07   9.2836294e+07   9.2584495e+07   9.2285922e+07   9.1960378e+07   9.1627155e+07   9.1271457e+07   9.0919320e+07   9.0560948e+07   9.0181548e+07   8.9760037e+07   8.9308359e+07   8.9082733e+07   8.8603231e+07
   3.4026263e-01   9.2239758e+07   9.2085953e+07   9.1896797e+07   9.1651564e+07   9.1360277e+07   9.1042504e+07   9.0716859e+07   9.0369227e+07   9.0024512e+07   8.9673798e+07   8.9301492e+07   8.8887325e+07   8.8443322e+07   8.8221477e+07   8.7745065e+07
   3.4630303e-01   8.8105888e+07   8.7961111e+07   8.7782681e+07   8.7551107e+07   8.7275856e+07   8.6975534e+07   8.6667488e+07   8.6338694e+07   8.6012138e+07   8.5680045e+07   8.5326515e+07   8.4932726e+07   8.4510420e+07   8.4299376e+07   8.3841195e+07
   3.5234343e-01   8.1187125e+07   8.1054643e+07   8.0891310e+07   8.0679448e+07   8.0427715e+07   8.0153127e+07   7.9871274e+07   7.9570553e+07   7.9271402e+07   7.8967360e+07   7.8642731e+07   7.8280657e+07   7.7892258e+07   7.7698130e+07   7.7271739e+07
   3.5838384e-01   7.2054891e+07   7.1937241e+07   7.1792411e+07   7.1604976e+07   7.1382584e+07   7.1140173e+07   7.0891222e+07   7.0625776e+07   7.0361284e+07   7.0092684e+07   6.9804973e+07   6.9483639e+07   6.9138877e+07   6.8966547e+07   6.8583182e+07
   3.6442424e-01   6.1400792e+07   6.1299692e+07   6.1175675e+07   6.1015840e+07   6.0826691e+07   6.0620768e+07   6.0409231e+07   6.0183896e+07   5.9958988e+07   5.9730831e+07   5.9485570e+07   5.9211258e+07   5.8916926e+07   5.8769805e+07   5.8437830e+07
   3.7046465e-01   4.9980074e+07   4.9896385e+07   4.9794329e+07   4.9663629e+07   4.9509578e+07   4.9342183e+07   4.9170223e+07   4.8987305e+07   4.8804406e+07   4.8619134e+07   4.8419171e+07   4.8195190e+07   4.7954893e+07   4.7834799e+07   4.7559366e+07
   3.7650505e-01   3.8554811e+07   3.8488541e+07   3.8408435e+07   3.8306771e+07   3.8187637e+07   3.8058544e+07   3.7925985e+07   3.7785267e+07   3.7644299e+07   3.7501792e+07   3.7347276e+07   3.7173938e+07   3.6988057e+07   3.6895199e+07   3.6678126e+07
   3.8254545e-01   2.7840416e+07   2.7790765e+07   2.7731510e+07   2.7657254e+07   2.7570949e+07   2.7477820e+07   2.7382295e+07   2.7281204e+07   2.7179743e+07   2.7077487e+07   2.6966021e+07   2.6840802e+07   2.6706671e+07   2.6639730e+07   2.6479592e+07
   3.8858586e-01   1.8458738e+07   1.8424184e+07   1.8383712e+07   1.8333892e+07   1.8276671e+07   1.8215328e+07   1.8152563e+07   1.8086475e+07   1.8020050e+07   1.7953438e+07   1.7880388e+07   1.7798263e+07   1.7710522e+07   1.7666832e+07   1.7559246e+07
   3.9462626e-01   1.0900438e+07   1.0878855e+07   1.0854304e+07   1.0824866e+07   1.0791655e+07   1.0756456e+07   1.0720660e+07   1.0683322e+07   1.0645823e+07   1.0608581e+07   1.0567505e+07   1.0521419e+07   1.0472520e+07   1.0448317e+07   1.0386397e+07
   4.0066667e-01   5.4986607e+06   5.4874630e+06   5.4753836e+06   5.4615002e+06   5.4462966e+06   5.4305841e+06   5.4149043e+06   5.3989346e+06   5.3831030e+06   5.3677916e+06   5.3509688e+06   5.3324104e+06   5.3132350e+06   5.3039656e+06   5.2789040e+06
   4.0670707e-01   2.4151490e+06   2.4114520e+06   2.4080403e+06   2.4044504e+06   2.4007595e+06   2.3973428e+06   2.3943747e+06   2.3918031e+06   2.3897731e+06   2.3883407e+06   2.3873389e+06   2.3869793e+06   2.3875188e+06   2.3881812e+06   2.3899228e+06
   4.1274747e-01   1.6391037e+06   1.6398967e+06   1.6412343e+06   1.6425924e+06   1.6438663e+06   1.6455170e+06   1.6478115e+06   1.6506340e+06   1.6544753e+06   1.6588166e+06   1.6650845e+06   1.6734266e+06   1.6834821e+06   1.6889753e+06   1.7069279e+06
   4.1878788e-01   2.9981912e+06   3.0005089e+06   3.0027989e+06   3.0040101e+06   3.0040691e+06   3.0039874e+06   3.0045357e+06   3.0052357e+06   3.0074732e+06   3.0099597e+06   3.0153875e+06   3.0233911e+06   3.0332450e+06   3.0387046e+06   3.0624438e+06
   4.2482828e-01   6.1803049e+06   6.1813899e+06   6.1811740e+06   6.1776956e+06   6.1711003e+06   6.1633284e+06   6.1559903e+06   6.1479981e+06   6.1420707e+06   6.1360196e+06   6.1334383e+06   6.1330783e+06   6.1340948e+06   6.1351940e+06   6.1551148e+06
   4.3086869e-01   1.0763998e+07   1.0761445e+07   1.0755790e+07   1.0743881e+07   1.0726237e+07   1.0705993e+07   1.0685842e+07   1.0663906e+07   1.0644538e+07   1.0624591e+07   1.0608181e+07   1.0592906e+07   1.0578024e+07   1.0571221e+07   1.0579096e+07
   4.3690909e-01   1.6254993e+07   1.6246869e+07   1.6233511e+07   1.6210420e+07   1.6178595e+07   1.6142510e+07   1.6106080e+07   1.6066527e+07   1.6029993e+07   1.5992382e+07   1.5957968e+07   1.5923031e+07   1.5887126e+07   1.5869842e+07   1.5859259e+07
   4.4294949e-01   2.2125876e+07   2.2110803e+07   2.2088248e+07   2.2052320e+07   2.2004567e+07   2.1950815e+07   2.1896231e+07   2.1837107e+07   2.1781377e+07   2.1724071e+07   2.1669287e+07   2.1611940e+07   2.1552025e+07   2.1522754e+07   2.1489399e+07
   4.4898990e-01   2.7855965e+07   2.7833176e+07   2.7800739e+07   2.7751456e+07   2.7687434e+07   2.7615749e+07   2.7542748e+07   2.7463833e+07   2.7388589e+07   2.7311313e+07   2.7235635e+07   2.7155172e+07   2.7070456e+07   2.7028784e+07   2.6970572e+07
   4.5503030e-01   3.2968523e+07   3.2937869e+07   3.2895669e+07   3.2833604e+07   3.2754307e+07   3.2665896e+07   3.2575731e+07   3.2478435e+07   3.2384977e+07   3.2289106e+07   3.2193759e+07   3.2091417e+07   3.1983195e+07   3.1929757e+07   3.1846800e+07
   4.6107071e-01   3.7062755e+07   3.7024680e+07   3.6973580e+07   3.6900283e+07   3.6807882e+07   3.6705238e+07   3.6600489e+07   3.6487639e+07   3.6378682e+07   3.6267033e+07   3.6154780e+07   3.6033514e+07   3.5904929e+07   3.5841281e+07   3.5735713e+07
   4.6711111e-01   3.9838576e+07   3.9794054e+07   3.9735556e+07   3.9653388e+07   3.9550995e+07   3.9437638e+07   3.9321937e+07   3.9197484e+07   3.9076865e+07   3.8953395e+07   3.8828232e+07   3.8692385e+07   3.8548073e+07   3.8476521e+07   3.8352187e+07
   4.7315152e-01   4.1112734e+07   4.1063175e+07   4.0999280e+07   4.0911193e+07   4.0802582e+07   4.0682738e+07   4.0560441e+07   4.0429098e+07   4.0301427e+07   4.0170875e+07   4.0037660e+07   3.9892551e+07   3.9738201e+07   3.9661581e+07   3.9523632e+07
   4.7919192e-01   4.0825572e+07   4.0772709e+07   4.0705750e+07   4.0615041e+07   4.0504337e+07   4.0382588e+07   4.0258412e+07   4.0125268e+07   3.9995540e+07   3.9863028e+07   3.9727069e+07   3.9578539e+07   3.9420408e+07   3.9341844e+07   3.9196266e+07
   4.8523232e-01   3.9038442e+07   3.8984195e+07   3.8916655e+07   3.8826714e+07   3.8718071e+07   3.8599002e+07   3.8477657e+07   3.8347776e+07   3.8220983e+07   3.8091618e+07   3.7958254e+07   3.7812204e+07   3.7656619e+07   3.7579270e+07   3.7432380e+07
   4.9127273e-01   3.5922431e+07   3.5868768e+07   3.5803102e+07   3.5717163e+07   3.5614459e+07   3.5502320e+07   3.5388169e+07   3.5266219e+07   3.5146981e+07   3.5025478e+07   3.4899680e+07   3.4761629e+07   3.4614512e+07   3.4541340e+07   3.4399293e+07
   4.9731313e-01   3.1739695e+07   3.1688497e+07   3.1626958e+07   3.1547876e+07   3.1454448e+07   3.1352864e+07   3.1249613e+07   3.1139550e+07   3.1031792e+07   3.0922147e+07   3.0808171e+07   3.0682868e+07   3.0549319e+07   3.0482878e+07   3.0351218e+07
   5.0335354e-01   2.6819140e+07   2.6772074e+07   2.6716571e+07   2.6646633e+07   2.6565061e+07   2.6476798e+07   2.6387264e+07   2.6292071e+07   2.6198773e+07   2.6104008e+07   2.6005120e+07   2.5896231e+07   2.5780196e+07   2.5722464e+07   2.5605742e+07
   5.0939394e-01   2.1528525e+07   2.1486943e+07   2.1438914e+07   2.1379709e+07   2.1311668e+07   2.1238474e+07   2.1164423e+07   2.1085945e+07   2.1008971e+07   2.0930957e+07   2.0849242e+07   2.0759141e+07   2.0663178e+07   2.0615443e+07   2.0516935e+07
   5.1543434e-01   1.6245210e+07   1.6210063e+07   1.6170407e+07   1.6122742e+07   1.6068923e+07   1.6011453e+07   1.5953523e+07   1.5892387e+07   1.5832402e+07   1.5771787e+07   1.5708054e+07   1.5637711e+07   1.5562876e+07   1.5525675e+07   1.5447212e+07
   5.2147475e-01   1.1327753e+07   1.1299547e+07   1.1268576e+07   1.1232459e+07   1.1192572e+07   1.1150392e+07   1.1108101e+07   1.1063732e+07   1.1020217e+07   1.0976431e+07   1.0930224e+07   1.0879204e+07   1.0825049e+07   1.0798168e+07   1.0740079e+07
   5.2751515e-01   7.0903888e+06   7.0691666e+06   7.0466149e+06   7.0212904e+06   6.9941280e+06   6.9658012e+06   6.9376412e+06   6.9083597e+06   6.8797056e+06   6.8510702e+06   6.8207580e+06   6.7873302e+06   6.7520135e+06   6.7345417e+06   6.6957109e+06
   5.3355556e-01   3.7821029e+06   3.7674577e+06   3.7525271e+06   3.7365667e+06   3.7201371e+06   3.7033761e+06   3.6869672e+06   3.6701696e+06   3.6538485e+06   3.6377480e+06   3.6207088e+06   3.6020338e+06   3.5825253e+06   3.5729570e+06   3.5509924e+06
   5.3959596e-01   1.5715818e+06   1.5627038e+06   1.5541401e+06   1.5455755e+06   1.5372835e+06   1.5291555e+06   1.5214638e+06   1.5138531e+06   1.5066480e+06   1.4997687e+06   1.4926277e+06   1.4850240e+06   1.4773881e+06   1.4737640e+06   1.4652429e+06
   5.4563636e-01   5.3883627e+05   5.3458290e+05   5.3078391e+05   5.2727138e+05   5.2413253e+05   5.2130190e+05   5.1888982e+05   5.1674861e+05   5.1502045e+05   5.1362448e+05   5.1253906e+05   5.1179409e+05   5.1152389e+05   5.1159714e+05   5.1237921e+05
   5.5167677e-01   6.7375874e+05   6.7274507e+05   6.7188675e+05   6.7088975e+05   6.6976270e+05   6.6874957e+05   6.6804291e+05   6.6752210e+05   6.6749427e+05   6.6771179e+05   6.6867437e+05   6.7037920e+05   6.7275480e+05   6.7417036e+05   6.7974556e+05
   5.5771717e-01   1.8813610e+06   1.8820624e+06   1.8822340e+06   1.8812108e+06   1.8790283e+06   1.8764646e+06   1.8740164e+06   1.8714189e+06   1.8694571e+06   1.8675724e+06   1.8667103e+06   1.8665911e+06   1.8670351e+06   1.8675072e+06   1.8733521e+06
   5.6375758e-01   3.9929643e+06   3.9938241e+06   3.9931632e+06   3.9897447e+06   3.9837280e+06   3.9765925e+06   3.9693237e+06   3.9613626e+06   3.9542301e+06   3.9469422e+06   3.9407920e+06   3.9350142e+06   3.9294184e+06   3.9268938e+06   3.9288090e+06
   5.6979798e-01   6.7822207e+06   6.7817558e+06   6.7785729e+06   6.7707201e+06   6.7585611e+06   6.7443773e+06   6.7297790e+06   6.7137930e+06   6.6988636e+06   6.6835034e+06   6.6692413e+06   6.6546662e+06   6.6396665e+06   6.6324622e+06   6.6268670e+06
   5.7583838e-01   9.9845538e+06   9.9814497e+06   9.9743353e+06   9.9604645e+06   9.9404660e+06   9.9174507e+06   9.8937347e+06   9.8678469e+06   9.8432633e+06   9.8179536e+06   9.7935670e+06   9.7679438e+06   9.7411267e+06   9.7280335e+06   9.7121978e+06
   5.8187879e-01   1.3318429e+07   1.3311621e+07   1.3299528e+07   1.3278598e+07   1.3249762e+07   1.3216916e+07   1.3183106e+07   1.3146318e+07   1.3111086e+07   1.3074836e+07   1.3039227e+07   1.3001311e+07   1.2961339e+07   1.2941685e+07   1.2913885e+07
   5.8791919e-01   1.6506818e+07   1.6495549e+07   1.6477846e+07   1.6449403e+07   1.6411465e+07   1.6368607e+07   1.6324565e+07   1.6276785e+07   1.6230799e+07   1.6183530e+07   1.6136548e+07   1.6086135e+07   1.6032790e+07   1.6006460e+07   1.5966050e+07
   5.9395960e-01   1.9297286e+07   1.9281146e+07   1.9257641e+07   1.9221820e+07   1.9175230e+07   1.9122961e+07   1.9069355e+07   1.9011354e+07   1.8955360e+07   1.8897864e+07   1.8840266e+07   1.8778157e+07   1.8712293e+07   1.8679710e+07   1.8627109e+07
   6.0000000e-01   2.1479313e+07   2.1458253e+07   2.1429183e+07   2.1386669e+07   2.1332521e+07   2.1272146e+07   2.1210360e+07   2.1143674e+07   2.1079172e+07   2.1013008e+07   2.0946356e+07   2.0874242e+07   2.0797670e+07   2.0759733e+07   2.0696335e+07
