   7.0000000e+01   8.5000000e+00   8.6330000e+00   8.7260000e+00   8.7970000e+00   8.8420000e+00   8.8740000e+00   8.8950000e+00   8.9100000e+00   8.9200000e+00   8.9270000e+00   8.9320000e+00   8.9360000e+00   8.9380000e+00   8.9390000e+00   8.9410000e+00
   2.0000000e-03   3.0146348e+10   3.0140789e+10   3.0123319e+10   3.0087695e+10   3.0035627e+10   2.9975056e+10   2.9910782e+10   2.9840271e+10   2.9769997e+10   2.9697596e+10   2.9621637e+10   2.9537497e+10   2.9446973e+10   2.9401771e+10   2.9311827e+10
   8.0404040e-03   2.9826329e+10   2.9820834e+10   2.9803555e+10   2.9768317e+10   2.9716810e+10   2.9656894e+10   2.9593313e+10   2.9523562e+10   2.9454046e+10   2.9382426e+10   2.9307285e+10   2.9224052e+10   2.9134504e+10   2.9089789e+10   2.9000816e+10
   1.4080808e-02   2.9131733e+10   2.9126374e+10   2.9109509e+10   2.9075108e+10   2.9024822e+10   2.8966324e+10   2.8904247e+10   2.8836147e+10   2.8768275e+10   2.8698348e+10   2.8624984e+10   2.8543719e+10   2.8456289e+10   2.8412631e+10   2.8325761e+10
   2.0121212e-02   2.8085661e+10   2.8080508e+10   2.8064267e+10   2.8031126e+10   2.7982678e+10   2.7926315e+10   2.7866503e+10   2.7800886e+10   2.7735489e+10   2.7668112e+10   2.7597424e+10   2.7519122e+10   2.7434878e+10   2.7392812e+10   2.7309109e+10
   2.6161616e-02   2.6722466e+10   2.6717580e+10   2.6702151e+10   2.6670653e+10   2.6624597e+10   2.6571015e+10   2.6514153e+10   2.6451771e+10   2.6389599e+10   2.6325543e+10   2.6258338e+10   2.6183895e+10   2.6103803e+10   2.6063810e+10   2.5984232e+10
   3.2202020e-02   2.5086075e+10   2.5081510e+10   2.5067055e+10   2.5037526e+10   2.4994340e+10   2.4944095e+10   2.4890772e+10   2.4832271e+10   2.4773966e+10   2.4713894e+10   2.4650868e+10   2.4581055e+10   2.4505943e+10   2.4468437e+10   2.4393807e+10
   3.8242424e-02   2.3227894e+10   2.3223692e+10   2.3210342e+10   2.3183047e+10   2.3143117e+10   2.3096657e+10   2.3047349e+10   2.2993252e+10   2.2939334e+10   2.2883782e+10   2.2825499e+10   2.2760938e+10   2.2691477e+10   2.2656792e+10   2.2587777e+10
   4.4282828e-02   2.1204398e+10   2.1200590e+10   2.1188441e+10   2.1163576e+10   2.1127188e+10   2.1084845e+10   2.1039905e+10   2.0990598e+10   2.0941454e+10   2.0890819e+10   2.0837695e+10   2.0778848e+10   2.0715534e+10   2.0683918e+10   2.0621011e+10
   5.0323232e-02   1.9074569e+10   1.9071175e+10   1.9060287e+10   1.9037975e+10   1.9005311e+10   1.8967297e+10   1.8926948e+10   1.8882677e+10   1.8838551e+10   1.8793086e+10   1.8745385e+10   1.8692545e+10   1.8635693e+10   1.8607305e+10   1.8550818e+10
   5.6363636e-02   1.6897320e+10   1.6894346e+10   1.6884745e+10   1.6865039e+10   1.6836175e+10   1.6802579e+10   1.6766917e+10   1.6727787e+10   1.6688783e+10   1.6648595e+10   1.6606430e+10   1.6559722e+10   1.6509468e+10   1.6484373e+10   1.6434441e+10
   6.2404040e-02   1.4729048e+10   1.4726490e+10   1.4718167e+10   1.4701050e+10   1.4675964e+10   1.4646760e+10   1.4615758e+10   1.4581738e+10   1.4547827e+10   1.4512886e+10   1.4476225e+10   1.4435614e+10   1.4391918e+10   1.4370099e+10   1.4326683e+10
   6.8444444e-02   1.2621454e+10   1.2619297e+10   1.2612211e+10   1.2597606e+10   1.2576183e+10   1.2551241e+10   1.2524758e+10   1.2495695e+10   1.2466725e+10   1.2436874e+10   1.2405553e+10   1.2370856e+10   1.2333524e+10   1.2314882e+10   1.2277788e+10
   7.4484848e-02   1.0619727e+10   1.0617949e+10   1.0612033e+10   1.0599805e+10   1.0581854e+10   1.0560947e+10   1.0538747e+10   1.0514383e+10   1.0490094e+10   1.0465065e+10   1.0438804e+10   1.0409712e+10   1.0378410e+10   1.0362779e+10   1.0331677e+10
   8.0525253e-02   8.7611788e+09   8.7597472e+09   8.7549122e+09   8.7448839e+09   8.7301458e+09   8.7129765e+09   8.6947415e+09   8.6747264e+09   8.6547724e+09   8.6342102e+09   8.6126345e+09   8.5887329e+09   8.5630144e+09   8.5501717e+09   8.5246174e+09
   8.6565657e-02   7.0743630e+09   7.0732416e+09   7.0693815e+09   7.0613411e+09   7.0495087e+09   7.0357195e+09   7.0210715e+09   7.0049913e+09   6.9889591e+09   6.9724374e+09   6.9551009e+09   6.9358950e+09   6.9152286e+09   6.9049087e+09   6.8843743e+09
   9.2606061e-02   5.5787071e+09   5.5778558e+09   5.5748532e+09   5.5685663e+09   5.5592991e+09   5.5484948e+09   5.5370146e+09   5.5244100e+09   5.5118418e+09   5.4988892e+09   5.4852973e+09   5.4702395e+09   5.4540361e+09   5.4459448e+09   5.4298453e+09
   9.8646465e-02   4.2846229e+09   4.2839994e+09   4.2817315e+09   4.2769520e+09   4.2698927e+09   4.2616581e+09   4.2529057e+09   4.2432942e+09   4.2337094e+09   4.2238308e+09   4.2134643e+09   4.2019794e+09   4.1896203e+09   4.1834487e+09   4.1711694e+09
   1.0468687e-01   3.1940541e+09   3.1936164e+09   3.1919597e+09   3.1884405e+09   3.1832296e+09   3.1771473e+09   3.1706801e+09   3.1635765e+09   3.1564918e+09   3.1491892e+09   3.1415258e+09   3.1330354e+09   3.1238983e+09   3.1193356e+09   3.1102584e+09
   1.1072727e-01   2.3013898e+09   2.3010974e+09   2.2999325e+09   2.2974341e+09   2.2937236e+09   2.2893894e+09   2.2847788e+09   2.2797131e+09   2.2746603e+09   2.2694515e+09   2.2639852e+09   2.2579290e+09   2.2514111e+09   2.2481564e+09   2.2416825e+09
   1.1676768e-01   1.5946540e+09   1.5944692e+09   1.5936847e+09   1.5919832e+09   1.5894478e+09   1.5864835e+09   1.5833287e+09   1.5798613e+09   1.5764023e+09   1.5728361e+09   1.5690937e+09   1.5649474e+09   1.5604849e+09   1.5582565e+09   1.5538258e+09
   1.2280808e-01   1.0568775e+09   1.0567663e+09   1.0562618e+09   1.0551551e+09   1.0535003e+09   1.0515641e+09   1.0495025e+09   1.0472359e+09   1.0449746e+09   1.0426431e+09   1.0401965e+09   1.0374860e+09   1.0345688e+09   1.0331121e+09   1.0302178e+09
   1.2884848e-01   6.6755258e+08   6.6748589e+08   6.6717383e+08   6.6648542e+08   6.6545441e+08   6.6424756e+08   6.6296244e+08   6.6154938e+08   6.6013977e+08   6.5868629e+08   6.5716157e+08   6.5547269e+08   6.5365510e+08   6.5274759e+08   6.5094681e+08
   1.3488889e-01   4.0408039e+08   4.0403398e+08   4.0384103e+08   4.0342261e+08   4.0279915e+08   4.0207039e+08   4.0129516e+08   4.0044321e+08   3.9959391e+08   3.9871835e+08   3.9780056e+08   3.9678443e+08   3.9569120e+08   3.9514544e+08   3.9406527e+08
   1.4092929e-01   2.4312762e+08   2.4308245e+08   2.4294986e+08   2.4268198e+08   2.4229166e+08   2.4183816e+08   2.4135763e+08   2.4083074e+08   2.4030649e+08   2.3976646e+08   2.3920131e+08   2.3857622e+08   2.3790424e+08   2.3756889e+08   2.3690806e+08
   1.4696970e-01   1.6182833e+08   1.6177039e+08   1.6165357e+08   1.6144490e+08   1.6115404e+08   1.6082025e+08   1.6046929e+08   1.6008627e+08   1.5970646e+08   1.5931589e+08   1.5890810e+08   1.5845772e+08   1.5797423e+08   1.5773306e+08   1.5726013e+08
   1.5301010e-01   1.3878219e+08   1.3870217e+08   1.3856974e+08   1.3835512e+08   1.3806792e+08   1.3774222e+08   1.3740228e+08   1.3703301e+08   1.3666789e+08   1.3629306e+08   1.3590228e+08   1.3547112e+08   1.3500879e+08   1.3477822e+08   1.3432674e+08
   1.5905051e-01   1.5482065e+08   1.5471343e+08   1.5454575e+08   1.5428330e+08   1.5393768e+08   1.5354759e+08   1.5314158e+08   1.5270136e+08   1.5226642e+08   1.5182022e+08   1.5135500e+08   1.5084169e+08   1.5029141e+08   1.5001695e+08   1.4947831e+08
   1.6509091e-01   1.9353076e+08   1.9339478e+08   1.9318220e+08   1.9284984e+08   1.9241238e+08   1.9191865e+08   1.9140469e+08   1.9084743e+08   1.9029663e+08   1.8973156e+08   1.8914198e+08   1.8849116e+08   1.8779333e+08   1.8744520e+08   1.8675993e+08
   1.7113131e-01   2.4154315e+08   2.4137976e+08   2.4112068e+08   2.4071230e+08   2.4017268e+08   2.3956291e+08   2.3892755e+08   2.3823831e+08   2.3755662e+08   2.3685715e+08   2.3612681e+08   2.3532027e+08   2.3445519e+08   2.3402357e+08   2.3317188e+08
   1.7717172e-01   2.8860473e+08   2.8841746e+08   2.8811639e+08   2.8763794e+08   2.8700337e+08   2.8628545e+08   2.8553676e+08   2.8472418e+08   2.8392008e+08   2.8309486e+08   2.8223276e+08   2.8128037e+08   2.8025864e+08   2.7974879e+08   2.7874097e+08
   1.8321212e-01   3.2746702e+08   3.2726090e+08   3.2692655e+08   3.2639238e+08   3.2568217e+08   3.2487806e+08   3.2403901e+08   3.2312809e+08   3.2222634e+08   3.2130081e+08   3.2033352e+08   3.1926468e+08   3.1811782e+08   3.1754549e+08   3.1641269e+08
   1.8925253e-01   3.5362786e+08   3.5340881e+08   3.5305239e+08   3.5248182e+08   3.5172253e+08   3.5086261e+08   3.4996510e+08   3.4899059e+08   3.4802570e+08   3.4703531e+08   3.4599996e+08   3.4485573e+08   3.4362785e+08   3.4301505e+08   3.4180093e+08
   1.9529293e-01   3.6496736e+08   3.6474163e+08   3.6437538e+08   3.6378982e+08   3.6301105e+08   3.6212923e+08   3.6120890e+08   3.6020969e+08   3.5922027e+08   3.5820473e+08   3.5714290e+08   3.5596927e+08   3.5470981e+08   3.5408122e+08   3.5283477e+08
   2.0133333e-01   3.6131864e+08   3.6109237e+08   3.6072831e+08   3.6014888e+08   3.5937987e+08   3.5850964e+08   3.5760173e+08   3.5661624e+08   3.5564045e+08   3.5463901e+08   3.5359179e+08   3.5243426e+08   3.5119208e+08   3.5057211e+08   3.4934184e+08
   2.0737374e-01   3.4401096e+08   3.4378982e+08   3.4343887e+08   3.4288461e+08   3.4215164e+08   3.4132309e+08   3.4045922e+08   3.3952195e+08   3.3859405e+08   3.3764192e+08   3.3664622e+08   3.3554563e+08   3.3436462e+08   3.3377517e+08   3.3260469e+08
   2.1341414e-01   3.1541782e+08   3.1520676e+08   3.1487809e+08   3.1436471e+08   3.1368933e+08   3.1292711e+08   3.1213314e+08   3.1127227e+08   3.1042025e+08   3.0954621e+08   3.0863218e+08   3.0762188e+08   3.0653791e+08   3.0599688e+08   3.0492185e+08
   2.1945455e-01   2.7853620e+08   2.7833925e+08   2.7803989e+08   2.7757909e+08   2.7697710e+08   2.7629920e+08   2.7559400e+08   2.7483005e+08   2.7407428e+08   2.7329924e+08   2.7248881e+08   2.7159308e+08   2.7063220e+08   2.7015262e+08   2.6919904e+08
   2.2549495e-01   2.3661612e+08   2.3643637e+08   2.3617106e+08   2.3577021e+08   2.3525132e+08   2.3466868e+08   2.3406364e+08   2.3340897e+08   2.3276170e+08   2.3209824e+08   2.3140457e+08   2.3063800e+08   2.2981589e+08   2.2940558e+08   2.2858915e+08
   2.3153535e-01   1.9285298e+08   1.9269252e+08   1.9246374e+08   1.9212601e+08   1.9169397e+08   1.9121067e+08   1.9070995e+08   1.9016901e+08   1.8963461e+08   1.8908720e+08   1.8851499e+08   1.8788276e+08   1.8720497e+08   1.8686671e+08   1.8619312e+08
   2.3757576e-01   1.5014852e+08   1.5000849e+08   1.4981663e+08   1.4954139e+08   1.4919457e+08   1.4880849e+08   1.4840973e+08   1.4797982e+08   1.4755559e+08   1.4712138e+08   1.4666766e+08   1.4616651e+08   1.4562950e+08   1.4536153e+08   1.4482744e+08
   2.4361616e-01   1.1094102e+08   1.1082166e+08   1.1066532e+08   1.1044870e+08   1.1018095e+08   1.0988480e+08   1.0958017e+08   1.0925264e+08   1.0892993e+08   1.0860000e+08   1.0825542e+08   1.0787499e+08   1.0746762e+08   1.0726438e+08   1.0685888e+08
   2.4965657e-01   7.7100910e+07   7.7001710e+07   7.6878008e+07   7.6713602e+07   7.6515291e+07   7.6297790e+07   7.6075262e+07   7.5836901e+07   7.5602524e+07   7.5363285e+07   7.5113609e+07   7.4838128e+07   7.4543441e+07   7.4396453e+07   7.4102851e+07
   2.5569697e-01   4.9884992e+07   4.9804749e+07   4.9709710e+07   4.9589314e+07   4.9448425e+07   4.9295574e+07   4.9140300e+07   4.8974798e+07   4.8812522e+07   4.8647235e+07   4.8474927e+07   4.8284994e+07   4.8082111e+07   4.7980957e+07   4.7778634e+07
   2.6173737e-01   2.9940180e+07   2.9877143e+07   2.9806044e+07   2.9720412e+07   2.9623610e+07   2.9519952e+07   2.9415572e+07   2.9305006e+07   2.9196989e+07   2.9087278e+07   2.8973083e+07   2.8847383e+07   2.8713380e+07   2.8646617e+07   2.8512887e+07
   2.6777778e-01   1.7347055e+07   1.7299034e+07   1.7246753e+07   1.7186271e+07   1.7119906e+07   1.7049684e+07   1.6979556e+07   1.6905721e+07   1.6833856e+07   1.6761084e+07   1.6685471e+07   1.6602382e+07   1.6514014e+07   1.6470033e+07   1.6381852e+07
   2.7381818e-01   1.1693061e+07   1.1657541e+07   1.1618859e+07   1.1574150e+07   1.1525117e+07   1.1473276e+07   1.1421541e+07   1.1367121e+07   1.1314194e+07   1.1260652e+07   1.1205067e+07   1.1144052e+07   1.1079242e+07   1.1047020e+07   1.0982468e+07
   2.7985859e-01   1.2165742e+07   1.2139994e+07   1.2109861e+07   1.2072277e+07   1.2028727e+07   1.1981726e+07   1.1934171e+07   1.1883674e+07   1.1834306e+07   1.1784187e+07   1.1732066e+07   1.1674794e+07   1.1613845e+07   1.1583548e+07   1.1523037e+07
   2.8589899e-01   1.7657243e+07   1.7638430e+07   1.7612178e+07   1.7574183e+07   1.7526052e+07   1.7472479e+07   1.7417175e+07   1.7357643e+07   1.7298984e+07   1.7239095e+07   1.7176622e+07   1.7107805e+07   1.7034299e+07   1.6997728e+07   1.6924910e+07
   2.9193939e-01   2.6872383e+07   2.6857663e+07   2.6831174e+07   2.6786613e+07   2.6725975e+07   2.6656943e+07   2.6584668e+07   2.6506127e+07   2.6428312e+07   2.6348542e+07   2.6265135e+07   2.6173070e+07   2.6074450e+07   2.6025333e+07   2.5927688e+07
   2.9797980e-01   3.8433801e+07   3.8420432e+07   3.8390260e+07   3.8334512e+07   3.8255767e+07   3.8165119e+07   3.8069564e+07   3.7965242e+07   3.7861609e+07   3.7755146e+07   3.7643689e+07   3.7520518e+07   3.7388366e+07   3.7322500e+07   3.7191625e+07
   3.0402020e-01   5.0978906e+07   5.0964348e+07   5.0927799e+07   5.0857837e+07   5.0757737e+07   5.0642063e+07   5.0519838e+07   5.0386177e+07   5.0253262e+07   5.0116594e+07   4.9973441e+07   4.9815147e+07   4.9645182e+07   4.9560431e+07   4.9392054e+07
   3.1006061e-01   6.3244502e+07   6.3226509e+07   6.3181690e+07   6.3096047e+07   6.2973595e+07   6.2832091e+07   6.2682569e+07   6.2519031e+07   6.2356388e+07   6.2189112e+07   6.2013878e+07   6.1820063e+07   6.1611895e+07   6.1508066e+07   6.1301812e+07
   3.1610101e-01   7.4136074e+07   7.4112792e+07   7.4058616e+07   7.3957278e+07   7.3813508e+07   7.3647707e+07   7.3472722e+07   7.3281460e+07   7.3091319e+07   7.2895781e+07   7.2690972e+07   7.2464443e+07   7.2221132e+07   7.2099755e+07   7.1858707e+07
   3.2214141e-01   8.2779755e+07   8.2749799e+07   8.2685969e+07   8.2570213e+07   8.2407887e+07   8.2221282e+07   8.2024723e+07   8.1810124e+07   8.1596932e+07   8.1377758e+07   8.1148274e+07   8.0894487e+07   8.0621940e+07   8.0485966e+07   8.0216076e+07
   3.2818182e-01   8.8555950e+07   8.8518470e+07   8.8445434e+07   8.8317610e+07   8.8140853e+07   8.7938459e+07   8.7725788e+07   8.7493937e+07   8.7263824e+07   8.7027359e+07   8.6779902e+07   8.6506314e+07   8.6212581e+07   8.6066035e+07   8.5775416e+07
   3.3422222e-01   9.1114505e+07   9.1069233e+07   9.0988109e+07   9.0851402e+07   9.0665301e+07   9.0453170e+07   9.0230903e+07   8.9989004e+07   8.9749197e+07   8.9502910e+07   8.9245355e+07   8.8960714e+07   8.8655233e+07   8.8502831e+07   8.8200991e+07
   3.4026263e-01   9.0372181e+07   9.0319446e+07   9.0231933e+07   9.0090100e+07   8.9900287e+07   8.9685018e+07   8.9460193e+07   8.9215988e+07   8.8974227e+07   8.8726097e+07   8.8466851e+07   8.8180489e+07   8.7873312e+07   8.7720077e+07   8.7417145e+07
   3.4630303e-01   8.6493969e+07   8.6434689e+07   8.6342951e+07   8.6200057e+07   8.6012308e+07   8.5800569e+07   8.5580237e+07   8.5341439e+07   8.5105415e+07   8.4863359e+07   8.4610744e+07   8.4331894e+07   8.4032958e+07   8.3883855e+07   8.3589829e+07
   3.5234343e-01   7.9860504e+07   7.9796140e+07   7.9702679e+07   7.9562840e+07   7.9382696e+07   7.9180791e+07   7.8971554e+07   7.8745346e+07   7.8522191e+07   7.8293535e+07   7.8055244e+07   7.7792426e+07   7.7510891e+07   7.7370497e+07   7.7094569e+07
   3.5838384e-01   7.1024440e+07   7.0956924e+07   7.0864437e+07   7.0731579e+07   7.0564024e+07   7.0377515e+07   7.0185132e+07   6.9977733e+07   6.9773595e+07   6.9564639e+07   6.9347263e+07   6.9107772e+07   6.8851464e+07   6.8723689e+07   6.8473680e+07
   3.6442424e-01   6.0659109e+07   6.0590733e+07   6.0501969e+07   6.0379614e+07   6.0228801e+07   6.0062213e+07   5.9891291e+07   5.9707625e+07   5.9527334e+07   5.9343012e+07   5.9151691e+07   5.8941196e+07   5.8716184e+07   5.8604058e+07   5.8385976e+07
   3.7046465e-01   4.9503049e+07   4.9436337e+07   4.9353949e+07   4.9245044e+07   4.9114103e+07   4.8970711e+07   4.8824490e+07   4.8667958e+07   4.8514808e+07   4.8358461e+07   4.8196643e+07   4.8018928e+07   4.7829243e+07   4.7734778e+07   4.7552529e+07
   3.7650505e-01   3.8304119e+07   3.8241679e+07   3.8168083e+07   3.8074865e+07   3.7965778e+07   3.7847489e+07   3.7727734e+07   3.7600104e+07   3.7475743e+07   3.7349012e+07   3.7218345e+07   3.7075190e+07   3.6922697e+07   3.6846822e+07   3.6702087e+07
   3.8254545e-01   2.7766732e+07   2.7711101e+07   2.7648351e+07   2.7572263e+07   2.7485824e+07   2.7393154e+07   2.7300144e+07   2.7201549e+07   2.7105988e+07   2.7008829e+07   2.6909174e+07   2.6800370e+07   2.6684793e+07   2.6627367e+07   2.6519624e+07
   3.8858586e-01   1.8505456e+07   1.8458942e+07   1.8408629e+07   1.8350283e+07   1.8286132e+07   1.8218269e+07   1.8150881e+07   1.8079927e+07   1.8011651e+07   1.7942450e+07   1.7872015e+07   1.7795515e+07   1.7714597e+07   1.7674488e+07   1.7601190e+07
   3.9462626e-01   1.1007643e+07   1.0972189e+07   1.0935360e+07   1.0894555e+07   1.0851276e+07   1.0806226e+07   1.0762107e+07   1.0716068e+07   1.0672240e+07   1.0628029e+07   1.0583596e+07   1.0535773e+07   1.0485561e+07   1.0460788e+07   1.0417661e+07
   4.0066667e-01   5.6070972e+06   5.5841595e+06   5.5612784e+06   5.5370562e+06   5.5123416e+06   5.4871361e+06   5.4629412e+06   5.4380274e+06   5.4147674e+06   5.3915113e+06   5.3687486e+06   5.3447442e+06   5.3199643e+06   5.3078883e+06   5.2893326e+06
   4.0670707e-01   2.4699511e+06   2.4604136e+06   2.4513469e+06   2.4420967e+06   2.4329522e+06   2.4239071e+06   2.4155831e+06   2.4072660e+06   2.3999763e+06   2.3929149e+06   2.3867389e+06   2.3808692e+06   2.3753692e+06   2.3729118e+06   2.3724675e+06
   4.1274747e-01   1.5930592e+06   1.5971840e+06   1.6012281e+06   1.6048194e+06   1.6077989e+06   1.6108009e+06   1.6139018e+06   1.6172607e+06   1.6209810e+06   1.6249924e+06   1.6299592e+06   1.6361517e+06   1.6433728e+06   1.6472528e+06   1.6580978e+06
   4.1878788e-01   2.8143638e+06   2.8317818e+06   2.8477201e+06   2.8616602e+06   2.8731153e+06   2.8839165e+06   2.8939205e+06   2.9039944e+06   2.9137551e+06   2.9237214e+06   2.9344153e+06   2.9466433e+06   2.9600885e+06   2.9670568e+06   2.9824993e+06
   4.2482828e-01   5.8338746e+06   5.8636170e+06   5.8898070e+06   5.9114102e+06   5.9277339e+06   5.9422350e+06   5.9548457e+06   5.9669627e+06   5.9781154e+06   5.9892629e+06   6.0006571e+06   6.0133411e+06   6.0270086e+06   6.0340648e+06   6.0479958e+06
   4.3086869e-01   1.0243239e+07   1.0283806e+07   1.0318287e+07   1.0344845e+07   1.0362696e+07   1.0377199e+07   1.0388610e+07   1.0398673e+07   1.0407176e+07   1.0415368e+07   1.0423133e+07   1.0431485e+07   1.0440238e+07   1.0444815e+07   1.0452091e+07
   4.3690909e-01   1.5561363e+07   1.5610827e+07   1.5651444e+07   1.5680385e+07   1.5696875e+07   1.5708291e+07   1.5715396e+07   1.5720111e+07   1.5722752e+07   1.5724714e+07   1.5725459e+07   1.5725745e+07   1.5725596e+07   1.5725702e+07   1.5722434e+07
   4.4294949e-01   2.1273250e+07   2.1329375e+07   2.1373907e+07   2.1402932e+07   2.1415773e+07   2.1421770e+07   2.1422311e+07   2.1419339e+07   2.1413883e+07   2.1407357e+07   2.1398781e+07   2.1388494e+07   2.1376783e+07   2.1371091e+07   2.1354823e+07
   4.4898990e-01   2.6869101e+07   2.6929485e+07   2.6975767e+07   2.7002965e+07   2.7010557e+07   2.7009643e+07   2.7002285e+07   2.6990314e+07   2.6975571e+07   2.6959378e+07   2.6940337e+07   2.6918266e+07   2.6893736e+07   2.6881622e+07   2.6851390e+07
   4.5503030e-01   3.1880881e+07   3.1943099e+07   3.1989137e+07   3.2013053e+07   3.2014520e+07   3.2006063e+07   3.1990396e+07   3.1969136e+07   3.1944946e+07   3.1918969e+07   3.1889453e+07   3.1855649e+07   3.1818409e+07   3.1799931e+07   3.1756211e+07
   4.6107071e-01   3.5913852e+07   3.5975590e+07   3.6019653e+07   3.6039327e+07   3.6034493e+07   3.6018672e+07   3.5995145e+07   3.5965245e+07   3.5932390e+07   3.5897480e+07   3.5858501e+07   3.5814158e+07   3.5765546e+07   3.5741376e+07   3.5685920e+07
   4.6711111e-01   3.8671056e+07   3.8730230e+07   3.8770919e+07   3.8785883e+07   3.8775206e+07   3.8752903e+07   3.8722697e+07   3.8685600e+07   3.8645645e+07   3.8603458e+07   3.8556877e+07   3.8504126e+07   3.8446488e+07   3.8417805e+07   3.8353392e+07
   4.7315152e-01   3.9969357e+07   4.0024213e+07   4.0060503e+07   4.0070742e+07   4.0055193e+07   4.0027848e+07   3.9992705e+07   3.9950446e+07   3.9905540e+07   3.9858324e+07   3.9806617e+07   3.9748269e+07   3.9684677e+07   3.9653020e+07   3.9583144e+07
   4.7919192e-01   3.9746327e+07   3.9795509e+07   3.9826760e+07   3.9832645e+07   3.9813566e+07   3.9782987e+07   3.9745005e+07   3.9699988e+07   3.9652623e+07   3.9602976e+07   3.9548971e+07   3.9488219e+07   3.9422148e+07   3.9389259e+07   3.9317777e+07
   4.8523232e-01   3.8057953e+07   3.8100540e+07   3.8126482e+07   3.8128676e+07   3.8107617e+07   3.8075790e+07   3.8037202e+07   3.7991951e+07   3.7944722e+07   3.7895334e+07   3.7841937e+07   3.7782049e+07   3.7717049e+07   3.7684703e+07   3.7615473e+07
   4.9127273e-01   3.5067824e+07   3.5103338e+07   3.5124032e+07   3.5123387e+07   3.5101940e+07   3.5070823e+07   3.5033787e+07   3.4990714e+07   3.4946073e+07   3.4899484e+07   3.4849418e+07   3.4793442e+07   3.4732812e+07   3.4702662e+07   3.4639208e+07
   4.9731313e-01   3.1029043e+07   3.1057423e+07   3.1073206e+07   3.1070651e+07   3.1050289e+07   3.1021633e+07   3.0988038e+07   3.0949228e+07   3.0909277e+07   3.0867654e+07   3.0823223e+07   3.0773731e+07   3.0720247e+07   3.0693682e+07   3.0638897e+07
   5.0335354e-01   2.6260559e+07   2.6282116e+07   2.6293525e+07   2.6289959e+07   2.6271905e+07   2.6247100e+07   2.6218405e+07   2.6185446e+07   2.6151763e+07   2.6116730e+07   2.6079637e+07   2.6038515e+07   2.5994208e+07   2.5972241e+07   2.5928161e+07
   5.0939394e-01   2.1119957e+07   2.1135305e+07   2.1143003e+07   2.1139206e+07   2.1124320e+07   2.1104284e+07   2.1081404e+07   2.1055266e+07   2.1028788e+07   2.1001300e+07   2.0972521e+07   2.0940836e+07   2.0906842e+07   2.0890041e+07   2.0857699e+07
   5.1543434e-01   1.5974879e+07   1.5984851e+07   1.5989553e+07   1.5986108e+07   1.5974826e+07   1.5959937e+07   1.5943182e+07   1.5924154e+07   1.5905117e+07   1.5885404e+07   1.5865128e+07   1.5843060e+07   1.5819554e+07   1.5808005e+07   1.5787372e+07
   5.2147475e-01   1.1175240e+07   1.1180804e+07   1.1183203e+07   1.1180450e+07   1.1172755e+07   1.1162836e+07   1.1151902e+07   1.1139586e+07   1.1127529e+07   1.1115099e+07   1.1102738e+07   1.1089595e+07   1.1075806e+07   1.1069120e+07   1.1059140e+07
   5.2751515e-01   7.0282310e+06   7.0304028e+06   7.0311131e+06   7.0291272e+06   7.0245660e+06   7.0189120e+06   7.0129267e+06   7.0062958e+06   7.0001166e+06   6.9938185e+06   6.9880779e+06   6.9823772e+06   6.9766809e+06   6.9740430e+06   6.9727410e+06
   5.3355556e-01   3.7777947e+06   3.7775571e+06   3.7770704e+06   3.7756661e+06   3.7733991e+06   3.7708591e+06   3.7684696e+06   3.7659701e+06   3.7640388e+06   3.7621775e+06   3.7611841e+06   3.7607973e+06   3.7608725e+06   3.7611193e+06   3.7657888e+06
   5.3959596e-01   1.5898327e+06   1.5880696e+06   1.5867278e+06   1.5854896e+06   1.5843770e+06   1.5834602e+06   1.5829610e+06   1.5826567e+06   1.5829636e+06   1.5834546e+06   1.5849254e+06   1.5872698e+06   1.5903071e+06   1.5920311e+06   1.5994686e+06
   5.4563636e-01   5.4393372e+05   5.4137805e+05   5.3936446e+05   5.3769693e+05   5.3640543e+05   5.3541765e+05   5.3490135e+05   5.3464362e+05   5.3497386e+05   5.3552402e+05   5.3696291e+05   5.3922271e+05   5.4216458e+05   5.4383441e+05   5.5060680e+05
   5.5167677e-01   6.3187969e+05   6.2907982e+05   6.2642588e+05   6.2361984e+05   6.2074308e+05   6.1793399e+05   6.1545425e+05   6.1306343e+05   6.1118263e+05   6.0948165e+05   6.0838567e+05   6.0774415e+05   6.0753644e+05   6.0762287e+05   6.1034374e+05
   5.5771717e-01   1.7626860e+06   1.7599908e+06   1.7565976e+06   1.7519041e+06   1.7460858e+06   1.7397970e+06   1.7335293e+06   1.7269728e+06   1.7208076e+06   1.7147145e+06   1.7087745e+06   1.7026385e+06   1.6964733e+06   1.6935708e+06   1.6891643e+06
   5.6375758e-01   3.7734673e+06   3.7710289e+06   3.7666995e+06   3.7594057e+06   3.7494555e+06   3.7382565e+06   3.7266443e+06   3.7141974e+06   3.7019980e+06   3.6897083e+06   3.6769873e+06   3.6631872e+06   3.6487185e+06   3.6416532e+06   3.6275854e+06
   5.6979798e-01   6.4450319e+06   6.4428251e+06   6.4373039e+06   6.4268041e+06   6.4117968e+06   6.3945994e+06   6.3764748e+06   6.3568525e+06   6.3373243e+06   6.3175050e+06   6.2965825e+06   6.2735326e+06   6.2490490e+06   6.2369652e+06   6.2114261e+06
   5.7583838e-01   9.5208248e+06   9.5186782e+06   9.5116938e+06   9.4975502e+06   9.4769013e+06   9.4530430e+06   9.4277136e+06   9.4001637e+06   9.3725601e+06   9.3444447e+06   9.3145161e+06   9.2813247e+06   9.2458685e+06   9.2282874e+06   9.1903130e+06
   5.8187879e-01   1.2727664e+07   1.2725301e+07   1.2716608e+07   1.2698596e+07   1.2672108e+07   1.2641401e+07   1.2608697e+07   1.2573050e+07   1.2537219e+07   1.2500656e+07   1.2461582e+07   1.2418106e+07   1.2371529e+07   1.2348378e+07   1.2297904e+07
   5.8791919e-01   1.5796666e+07   1.5793754e+07   1.5783170e+07   1.5761303e+07   1.5729182e+07   1.5691923e+07   1.5652204e+07   1.5608875e+07   1.5565263e+07   1.5520715e+07   1.5473018e+07   1.5419857e+07   1.5362818e+07   1.5334427e+07   1.5272272e+07
   5.9395960e-01   1.8482835e+07   1.8479029e+07   1.8466466e+07   1.8441005e+07   1.8403843e+07   1.8360786e+07   1.8314905e+07   1.8264857e+07   1.8214460e+07   1.8162957e+07   1.8107771e+07   1.8046211e+07   1.7980105e+07   1.7947174e+07   1.7874962e+07
   6.0000000e-01   2.0581940e+07   2.0576930e+07   2.0562414e+07   2.0533853e+07   2.0492584e+07   2.0444882e+07   2.0394116e+07   2.0338774e+07   2.0283058e+07   2.0226112e+07   2.0165085e+07   2.0096984e+07   2.0023828e+07   1.9987367e+07   1.9907391e+07
