% q Iq0 Iq_cross Iq_resonant Residual
0.002 1.0000000000287557e-06 9.500000393153343e-09 1.000000082740371e-10 [1.00000000e-07 9.50000526e-02 1.00000008e-11]
0.008040404 1.0000000000287557e-06 9.500000393153343e-09 1.000000082740371e-10 [1.00000000e-07 9.50000526e-02 1.00000008e-11]
0.014080808 1.0000000000287557e-06 9.500000393153343e-09 1.000000082740371e-10 [1.00000000e-07 9.50000526e-02 1.00000008e-11]
0.020121212 1.0000000000287557e-06 9.500000393153343e-09 1.000000082740371e-10 [1.00000000e-07 9.50000526e-02 1.00000008e-11]
0.026161616 1.0000000000287557e-06 9.500000393153343e-09 1.000000082740371e-10 [1.00000000e-07 9.50000526e-02 1.00000008e-11]
0.03220202 1.0000000000287557e-06 9.500000393153343e-09 1.000000082740371e-10 [1.00000000e-07 9.50000526e-02 1.00000008e-11]
0.038242424 1.0000000000287557e-06 9.500000393153343e-09 1.000000082740371e-10 [1.00000000e-07 9.50000526e-02 1.00000008e-11]
0.044282828 1.0000000000287557e-06 9.500000393153343e-09 1.000000082740371e-10 [1.00000000e-07 9.50000526e-02 1.00000008e-11]
0.050323232 1.0000000000287557e-06 9.500000393153343e-09 1.000000082740371e-10 [1.00000000e-07 9.50000526e-02 1.00000008e-11]
0.056363636 1.0000000000287557e-06 9.500000393153343e-09 1.000000082740371e-10 [1.00000000e-07 9.50000526e-02 1.00000008e-11]
0.06240404 1.0000000000287557e-06 9.500000393153343e-09 1.000000082740371e-10 [1.00000000e-07 9.50000526e-02 1.00000008e-11]
0.068444444 1.0000000000287557e-06 9.500000393153343e-09 1.000000082740371e-10 [1.00000000e-07 9.50000526e-02 1.00000008e-11]
0.074484848 1.0000000000287557e-06 9.500000393153343e-09 1.000000082740371e-10 [1.00000000e-07 9.50000526e-02 1.00000008e-11]
0.080525253 1.0000000000287557e-06 9.500000393153343e-09 1.000000082740371e-10 [1.00000000e-07 9.50000526e-02 1.00000008e-11]
0.086565657 1.0000000000287557e-06 9.500000393153343e-09 1.000000082740371e-10 [1.00000000e-07 9.50000526e-02 1.00000008e-11]
0.092606061 1.0000000000287557e-06 9.500000393153343e-09 1.000000082740371e-10 [1.00000000e-07 9.50000526e-02 1.00000008e-11]
0.098646465 1.0000000000287557e-06 9.500000393153343e-09 1.000000082740371e-10 [1.00000000e-07 9.50000526e-02 1.00000008e-11]
0.10468687 5912.023310818576 -245842.50753779625 12887382.498963116 [5.91202331e+02 3.59072351e+02 1.28873825e+06]
0.11072727 8554.0505723928 -255153.45605830607 9790431.291998478 [8.55405057e+02 3.13033323e+02 9.79043129e+05]
0.11676768 1167.8047226354477 -82193.83441894966 7215765.342128786 [1.16780472e+02 2.68643517e+02 7.21576534e+05]
0.12280808 6366.324923718663 -158487.0193799446 5086333.060143498 [6.36632492e+02 2.25670117e+02 5.08633306e+05]
0.12884848 5133.361280739391 -117909.98530286767 3417019.865952753 [5.13336128e+02 1.84990649e+02 3.41701987e+05]
0.13488889 7496.086379505153 -112754.86253269546 2144904.86584467 [7.49608638e+02 1.46710659e+02 2.14490487e+05]
0.14092929 1075.5759371861232 -32396.452469700736 1234724.9597853888 [1.07557594e+02 1.11166601e+02 1.23472496e+05]
0.1469697 1170.4128058563733 -23750.984235825304 613664.7624701072 [  117.04128059    78.41147624 61366.47624701]
0.1530101 6.557702331044801e-06 0.5277218756555222 56905.31409193698 [6.55770233e-07 2.38549912e+01 5.69053141e+03]
0.15905051 139486.56810648134 -14655.355031375893 43527.27706263234 [116443.58064158    311.97062022   2267.7207741 ]
0.16509091 33.228236562823604 0.10812847802923713 0.006832733437167837 [2696100.01542091  659339.54700924   16887.56670273]
0.17113131 1377.3925604203987 -7030.410102349762 45165.416882000245 [ 137.73925604   21.57396671 4516.5416882 ]
0.17717172 5.419832725617191e-06 0.4327261125346216 46620.61323334503 [5.41983273e-07 2.15919787e+01 4.66206132e+03]
0.18321212 5.850747447078142e-06 0.5394972706526854 62530.13202460714 [5.85074745e-07 2.50061848e+01 6.25301320e+03]
0.18925253 1107.5674857579734 -18592.144369285383 387960.62879486487 [  110.75674858    62.37539585 38796.06287949]
0.19529293 1104.7569184564081 -20604.166536705656 490752.14132307906 [  110.47569185    70.13256599 49075.21413231]
0.20133333 975.7593379756412 -20724.87672172122 564182.4200902552 [   97.5759338     75.17705499 56418.24200903]
0.20737374 1273.9446875597134 -24515.888048817837 602451.93854947 [  127.39446876    77.69984983 60245.19385495]
0.21341414 1108.415547671398 -23200.998186953882 606439.0610068714 [  110.84155477    77.94538327 60643.90610069]
0.21945455 1114.743546851044 -22414.898187183844 578767.8643718818 [  111.47435469    76.15007463 57876.78643719]
0.22549495 1346.6992585858259 -23474.763970014283 525370.6556244985 [  134.66992586    72.57534938 52537.06556245]
0.23153535 2416.02091568305 -29200.422900495138 453308.3121034836 [  241.60209157    67.50741526 45330.83121035]
0.23757576 170.5586869090732 10101.642862987524 600714.5277186511 [1.70558687e+01 7.75168422e+01 6.00714528e+04]
0.24361616 6.193305877810751e-06 0.5564430770506482 63119.047008793816 [6.19330588e-07 2.51236620e+01 6.31190470e+03]
0.24965657 6.014661202757843e-06 0.5089864014394526 57463.77636759163 [6.01466120e-07 2.39717596e+01 5.74637764e+03]
0.25569697 2495.3744932820423 -16624.74592746895 139510.9121149738 [  249.53744933    37.68382684 13951.0912115 ]
0.26173737 1299.5581863590244 -9242.592113289435 83137.31729826641 [ 129.95581864   29.05815998 8313.73172983]
0.26777778 1633.358603805678 -7150.884791183933 40991.592046042824 [ 163.33586038   20.64599583 4099.1592046 ]
0.27381818 618926.8654977704 -50627.50416470551 5274.877577043706 [23206.05237012    29.75842681   285.63324962]
0.27985859 36.783203905988145 -0.011563182890728208 0.0024419337500818372 [944893.87151563 278087.15573867   3239.45772935]
0.28589899 3929881.7355012596 161875.00672532065 6667.762433097843 [1.77313643e+05 9.00234367e+01 8.32517867e+02]
0.29193939 17.64528279460502 -0.1305950764465459 0.019063914503840262 [5934518.01975203 2170864.55635881   43590.09932325]
0.2979798 204.85718552604692 -1976.9686785741244 24273.33468606074 [  20.48571855   15.64575913 2427.33346861]
0.3040202 1755.3838809810713 -7542.471935715321 41134.9207699823 [ 175.5383881    20.71016478 4113.492077  ]
0.31006061 1332.2277338510726 -7821.539318440516 58721.91438933251 [ 133.22277339   24.5061062  5872.19143893]
0.31610101 1448.5777483955899 -9282.954519728855 73874.31977277665 [ 144.85777484   27.44516402 7387.43197728]
0.32214141 1825.4398148335683 -11008.907970869057 84911.21703896769 [ 182.54398148   29.45122048 8491.1217039 ]
0.32818182 1956.5635846503026 -11794.727247513196 91007.10446296443 [ 195.65635847   30.49007204 9100.7104463 ]
0.33422222 1781.0691735866424 -11459.567126384625 91861.21842520435 [ 178.10691736   30.60115851 9186.12184252]
0.34026263 1377.088391235441 -9840.235909006937 87753.03771964414 [ 137.70883912   29.8548032  8775.30377196]
0.34630303 1491.6776447336822 -9746.386355293545 79156.98366948261 [ 149.16776447   28.39884959 7915.69836695]
0.35234343 1597.9903534260707 -9280.635815364281 67468.95277577442 [ 159.79903534   26.28074238 6746.89527758]
0.35838384 1105.8213107295903 -6839.122667955223 54239.55052431191 [ 110.58213107   23.52576283 5423.95505243]
0.36442424 1319.0650562614833 -6517.670404595589 40358.88278407155 [ 131.90650563   20.41537308 4035.88827841]
0.37046465 7785730.585276528 0.005183314547613732 3.7432057453656853e-10 [1.29822589e+06 6.56302027e+05 7.51014501e-03]
0.37650505 5175377.112654523 20746.772598538002 83.16854286882972 [2.61869380e+04 1.15265244e+01 5.45076436e+00]
0.38254545 2001834.065150685 -6949.562652010122 24.428416859889964 [8.87481045e+03 6.27516164e+00 8.84978445e-01]
0.38858586 343785.5739143476 -8671.267687471302 342.7587203977494 [3630.99194661    6.32239927   23.55570548]
0.39462626 10.38431662837877 -0.01272623754384636 7.926098960098216e-05 [3.96892909e+05 1.29603951e+06 3.25338463e+02]
0.40066667 9.374234356826038 0.0026240663576724073 8.344529229153963e-05 [7.70059501e+05 9.43916328e+05 9.38729545e+02]
0.40670707 3434558.855730831 98317.11225680055 2814.409351695185 [3.74936316e+04 2.04990448e+01 1.75218273e+02]
0.41274747 17.206659156468874 0.08837270650263775 0.013617298512681897 [5105423.84267985 1614718.78797492   35877.16477361]
0.41878788 9011213.350351179 206032.8173463881 4710.744288670381 [9.15179011e+04 3.08103638e+01 3.05579568e+02]
0.42482828 11711787.595691726 249964.93550259335 5335.007015077175 [1.18697368e+05 3.50046516e+01 3.45261532e+02]
0.43086869 13922852.825186111 281293.07564649964 5683.159579448897 [1.42934868e+05 3.86218603e+01 3.71231870e+02]
0.43690909 15459226.919143379 299247.28726884525 5792.588426799378 [1.59252630e+05 4.08074615e+01 3.78363027e+02]
0.44294949 16066995.353880027 297286.5260088445 5500.672440661998 [1.79656840e+05 4.51263553e+01 3.89026176e+02]
0.4489899 8746027.271327924 -0.0017114161429053814 1.7014811781734807e-10 [3.98296689e+06 3.48597073e+06 5.94896620e-03]
0.4550303 15070763.897703214 265500.1093342505 4677.288326960253 [1.51210722e+05 3.91900095e+01 2.95761150e+02]
0.46107071 13410880.833898634 229325.16606804065 3921.445015021406 [1.34426255e+05 3.69198385e+01 2.47572180e+02]
0.46711111 11322848.94822076 189209.04976232143 3161.754137653608 [1.09647119e+05 3.27648630e+01 1.92711998e+02]
0.47315152 8928907.280911583 144538.14861420618 2339.7349471288835 [8.52519466e+04 2.86780928e+01 1.40687172e+02]
0.47919192 6514370.968325693 101463.8427619746 1580.3385221014184 [6.09362373e+04 2.39898167e+01 9.32822977e+01]
0.48523232 4309942.32368958 63935.429684973315 948.4440537720028 [3.88212040e+04 1.87821287e+01 5.41514502e+01]
0.49127273 22.78889564505376 -0.20876454378161746 0.01217768840057687 [1862811.80814673  909254.97080148   15923.82288833]
0.49731313 1235093.3388873667 16245.031689557472 213.66891577089797 [8.11039975e+03 7.32417630e+00 9.07660686e+00]
0.50335354 573603.6774037302 8930.513156886462 139.4692765744893 [3265.62635962    4.35031065    6.8190794 ]
0.50939394 12.621360492212153 0.03633189780421157 0.00010460059615025052 [6.41983897e+05 1.84739263e+05 1.12838555e+02]
0.51543434 1129042.5135958267 30410.593734273196 819.1048610978729 [1.19313479e+04 1.13762311e+01 5.22430442e+01]
0.52147475 2155431.199582294 53322.17052945798 1319.1114012488736 [2.25840740e+04 1.55687048e+01 8.71233776e+01]
0.52751515 15.10034457425884 -0.01255064092208758 0.01063558681252652 [2614271.08269911 1138132.70728065   20004.66734933]
0.53355556 14.429780005700865 0.33534362255471517 0.01312994432834902 [6700957.07369473 1811661.34935519   40813.60678239]
0.53959596 6573890.00042581 141173.7251519473 3031.6936657026185 [6.65214732e+04 2.61876673e+01 1.95913590e+02]
0.54563636 7957081.231968166 167469.382578918 3524.6585128260863 [8.03107861e+04 2.87260582e+01 2.26925729e+02]
0.55167677 9057412.441796951 188062.78025290553 3904.824865144593 [9.12988070e+04 3.06007721e+01 2.50846218e+02]
0.55771717 9775233.409571398 201103.80435151004 4137.265928251964 [9.85882610e+04 3.18022728e+01 2.65759412e+02]
0.56375758 10036901.037399463 204793.9961297444 4178.638475661382 [1.02568831e+05 3.26474930e+01 2.71883672e+02]
0.56979798 9889624.508867066 201631.9600858676 4110.91920547457 [1.01103700e+05 3.24194315e+01 2.67568163e+02]
0.57583838 9368338.449717864 192341.96555913828 3948.9853951998352 [9.43885751e+04 3.11005796e+01 2.53361388e+02]
0.58187879 8472301.79209762 175069.0840067143 3617.574648195068 [8.53265619e+04 2.95674905e+01 2.32108846e+02]
0.58791919 7324294.59359318 152849.56553961762 3189.7938275303018 [7.37688288e+04 2.74979227e+01 2.04813571e+02]
0.5939596 6028166.479051464 127421.0303907757 2693.3760111419356 [6.07841912e+04 2.49811610e+01 1.73289809e+02]
0.6 14.53979682810228 0.3325287147913564 0.012569658992209298 [6260562.21329387 1686955.21507032   38449.23450782]
