   7.0000000e+01   8.5000000e+00   8.6330000e+00   8.7260000e+00   8.7970000e+00   8.8420000e+00   8.8740000e+00   8.8950000e+00   8.9100000e+00   8.9200000e+00   8.9270000e+00   8.9320000e+00   8.9360000e+00   8.9380000e+00   8.9390000e+00   8.9410000e+00
   2.0000000e-03   2.5387995e+10   2.5153088e+10   2.4916499e+10   2.4669345e+10   2.4420523e+10   2.4166434e+10   2.3919406e+10   2.3663856e+10   2.3418574e+10   2.3171809e+10   2.2918086e+10   2.2640964e+10   2.2347880e+10   2.2202166e+10   2.1917069e+10
   8.0404040e-03   2.5153845e+10   2.4921594e+10   2.4687658e+10   2.4443242e+10   2.4197147e+10   2.3945829e+10   2.3701483e+10   2.3448699e+10   2.3206066e+10   2.2961961e+10   2.2710967e+10   2.2436822e+10   2.2146881e+10   2.2002728e+10   2.1720674e+10
   1.4080808e-02   2.4644470e+10   2.4417986e+10   2.4189808e+10   2.3951340e+10   2.3711169e+10   2.3465867e+10   2.3227348e+10   2.2980572e+10   2.2743691e+10   2.2505364e+10   2.2260300e+10   2.1992621e+10   2.1709506e+10   2.1568743e+10   2.1293300e+10
   2.0121212e-02   2.3874277e+10   2.3656482e+10   2.3436983e+10   2.3207479e+10   2.2976237e+10   2.2740008e+10   2.2510273e+10   2.2272557e+10   2.2044351e+10   2.1814737e+10   2.1578615e+10   2.1320687e+10   2.1047867e+10   2.0912219e+10   2.0646747e+10
   2.6161616e-02   2.2864834e+10   2.2658370e+10   2.2450190e+10   2.2232381e+10   2.2012792e+10   2.1788403e+10   2.1570135e+10   2.1344246e+10   2.1127366e+10   2.0909127e+10   2.0684680e+10   2.0439485e+10   2.0180109e+10   2.0051140e+10   1.9798690e+10
   3.2202020e-02   2.1643999e+10   2.1451147e+10   2.1256569e+10   2.1052817e+10   2.0847241e+10   2.0637093e+10   2.0432617e+10   2.0220957e+10   2.0017703e+10   1.9813152e+10   1.9602753e+10   1.9372880e+10   1.9129684e+10   1.9008753e+10   1.8771980e+10
   3.8242424e-02   2.0244809e+10   2.0067424e+10   1.9888307e+10   1.9700544e+10   1.9510911e+10   1.9316970e+10   1.9128194e+10   1.8932732e+10   1.8744991e+10   1.8556026e+10   1.8361625e+10   1.8149203e+10   1.7924437e+10   1.7812661e+10   1.7593749e+10
   4.4282828e-02   1.8704178e+10   1.8543644e+10   1.8381382e+10   1.8211056e+10   1.8038822e+10   1.7862573e+10   1.7690939e+10   1.7513166e+10   1.7342370e+10   1.7170429e+10   1.6993507e+10   1.6800151e+10   1.6595523e+10   1.6493753e+10   1.6294365e+10
   5.0323232e-02   1.7061474e+10   1.6918682e+10   1.6774173e+10   1.6622229e+10   1.6468348e+10   1.6310767e+10   1.6157226e+10   1.5998127e+10   1.5845224e+10   1.5691261e+10   1.5532800e+10   1.5359585e+10   1.5176233e+10   1.5085034e+10   1.4906282e+10
   5.6363636e-02   1.5357044e+10   1.5232383e+10   1.5106028e+10   1.4972897e+10   1.4837816e+10   1.4699364e+10   1.4564371e+10   1.4424420e+10   1.4289866e+10   1.4154345e+10   1.4014823e+10   1.3862275e+10   1.3700758e+10   1.3620409e+10   1.3462845e+10
   6.2404040e-02   1.3630742e+10   1.3524116e+10   1.3415833e+10   1.3301451e+10   1.3185122e+10   1.3065763e+10   1.2949287e+10   1.2828460e+10   1.2712237e+10   1.2595141e+10   1.2474547e+10   1.2342657e+10   1.2202969e+10   1.2133470e+10   1.1997102e+10
   6.8444444e-02   1.1920548e+10   1.1831410e+10   1.1740669e+10   1.1644508e+10   1.1546426e+10   1.1445654e+10   1.1347214e+10   1.1245020e+10   1.1146664e+10   1.1047532e+10   1.0945394e+10   1.0833653e+10   1.0715263e+10   1.0656350e+10   1.0540674e+10
   7.4484848e-02   1.0261322e+10   1.0188727e+10   1.0114597e+10   1.0035715e+10   9.9549629e+09   9.8718562e+09   9.7905691e+09   9.7061025e+09   9.6247507e+09   9.5427182e+09   9.4581566e+09   9.3656078e+09   9.2675093e+09   9.2186833e+09   9.1227395e+09
   8.0525253e-02   8.6837510e+09   8.6264140e+09   8.5676281e+09   8.5047389e+09   8.4400514e+09   8.3733352e+09   8.3079732e+09   8.2399743e+09   8.1744255e+09   8.1082898e+09   8.0400738e+09   7.9653790e+09   7.8861633e+09   7.8467265e+09   7.7691617e+09
   8.6565657e-02   7.2135251e+09   7.1699007e+09   7.1249281e+09   7.0764683e+09   7.0263067e+09   6.9744260e+09   6.9234904e+09   6.8704188e+09   6.8192025e+09   6.7674895e+09   6.7141099e+09   6.6556269e+09   6.5935640e+09   6.5626580e+09   6.5018067e+09
   9.2606061e-02   5.8707781e+09   5.8391363e+09   5.8062603e+09   5.7704730e+09   5.7331020e+09   5.6943014e+09   5.6560984e+09   5.6162116e+09   5.5776629e+09   5.5387031e+09   5.4984495e+09   5.4543157e+09   5.4074421e+09   5.3840925e+09   5.3380615e+09
   9.8646465e-02   4.6697931e+09   4.6483003e+09   4.6256984e+09   4.6007137e+09   4.5742825e+09   4.5466877e+09   4.5194068e+09   4.4908411e+09   4.4631781e+09   4.4351834e+09   4.4062232e+09   4.3744422e+09   4.3406520e+09   4.3238133e+09   4.2905685e+09
   1.0468687e-01   3.6189782e+09   3.6057753e+09   3.5915965e+09   3.5755113e+09   3.5581324e+09   3.5398293e+09   3.5216202e+09   3.5024694e+09   3.4838686e+09   3.4650087e+09   3.4454645e+09   3.4239898e+09   3.4011237e+09   3.3897236e+09   3.3671763e+09
   1.1072727e-01   2.7210940e+09   2.7143688e+09   2.7068059e+09   2.6977576e+09   2.6875793e+09   2.6766884e+09   2.6657324e+09   2.6541215e+09   2.6427881e+09   2.6312604e+09   2.6192826e+09   2.6060972e+09   2.5920255e+09   2.5850060e+09   2.5710928e+09
   1.1676768e-01   1.9737063e+09   1.9717569e+09   1.9691091e+09   1.9653405e+09   1.9606118e+09   1.9553535e+09   1.9499267e+09   1.9440772e+09   1.9383074e+09   1.9324002e+09   1.9262309e+09   1.9194168e+09   1.9121133e+09   1.9084676e+09   1.9012222e+09
   1.2280808e-01   1.3698250e+09   1.3711118e+09   1.3718373e+09   1.3717502e+09   1.3708742e+09   1.3696231e+09   1.3681492e+09   1.3664333e+09   1.3646663e+09   1.3628106e+09   1.3608376e+09   1.3586345e+09   1.3562386e+09   1.3550416e+09   1.3526547e+09
   1.2884848e-01   8.9868535e+08   9.0187041e+08   9.0462510e+08   9.0682151e+08   9.0839619e+08   9.0972285e+08   9.1081351e+08   9.1179572e+08   9.1265421e+08   9.1346429e+08   9.1426242e+08   9.1511315e+08   9.1597755e+08   9.1640993e+08   9.1727596e+08
   1.3488889e-01   5.4662133e+08   5.5059364e+08   5.5425743e+08   5.5756635e+08   5.6041215e+08   5.6311110e+08   5.6559329e+08   5.6805929e+08   5.7037636e+08   5.7267734e+08   5.7503689e+08   5.7761853e+08   5.8034235e+08   5.8170697e+08   5.8445669e+08
   1.4092929e-01   2.9798098e+08   3.0186840e+08   3.0555726e+08   3.0904814e+08   3.1222179e+08   3.1532601e+08   3.1825633e+08   3.2122754e+08   3.2406132e+08   3.2690381e+08   3.2984578e+08   3.3308635e+08   3.3653302e+08   3.3826383e+08   3.4178206e+08
   1.4696970e-01   1.3603440e+08   1.3920254e+08   1.4226803e+08   1.4525099e+08   1.4804646e+08   1.5082877e+08   1.5349511e+08   1.5623074e+08   1.5886650e+08   1.6152882e+08   1.6430748e+08   1.6738896e+08   1.7068960e+08   1.7235337e+08   1.7578302e+08
   1.5301010e-01   4.3829638e+07   4.5869167e+07   4.7886425e+07   4.9900785e+07   5.1838702e+07   5.3801406e+07   5.5713274e+07   5.7700672e+07   5.9641781e+07   6.1621108e+07   6.3715101e+07   6.6063982e+07   6.8607629e+07   6.9899197e+07   7.2632507e+07
   1.5905051e-01   4.9580772e+06   5.6624174e+06   6.4085993e+06   7.2015130e+06   8.0087849e+06   8.8634252e+06   9.7327199e+06   1.0667823e+07   1.1617325e+07   1.2611358e+07   1.3705111e+07   1.4972320e+07   1.6384991e+07   1.7116953e+07   1.8775932e+07
   1.6509091e-01   4.1992059e+06   3.5348952e+06   2.9602343e+06   2.4577585e+06   2.0396148e+06   1.6790523e+06   1.3933887e+06   1.1535007e+06   9.8827870e+05   8.6945268e+05   8.2696303e+05   8.5949820e+05   9.7447920e+05   1.0624773e+06   1.4708200e+06
   1.7113131e-01   2.8024046e+07   2.6096217e+07   2.4290197e+07   2.2563230e+07   2.0970125e+07   1.9435330e+07   1.8026230e+07   1.6637486e+07   1.5377339e+07   1.4161925e+07   1.2995249e+07   1.1802004e+07   1.0623972e+07   1.0068949e+07   9.2178958e+06
   1.7717172e-01   6.4946213e+07   6.1961736e+07   5.9116840e+07   5.6344464e+07   5.3736289e+07   5.1180359e+07   4.8788709e+07   4.6390681e+07   4.4164624e+07   4.1979015e+07   3.9813846e+07   3.7528229e+07   3.5193961e+07   3.4062689e+07   3.2073472e+07
   1.8321212e-01   1.0571928e+08   1.0194996e+08   9.8325388e+07   9.4758025e+07   9.1368009e+07   8.8019793e+07   8.4860859e+07   8.1670661e+07   7.8682709e+07   7.5729157e+07   7.2769786e+07   6.9611636e+07   6.6349924e+07   6.4755135e+07   6.1840522e+07
   1.8925253e-01   1.4338797e+08   1.3913600e+08   1.3502345e+08   1.3094800e+08   1.2704843e+08   1.2317792e+08   1.1950800e+08   1.1578603e+08   1.1228250e+08   1.0880633e+08   1.0530210e+08   1.0154116e+08   9.7634341e+07   9.5715638e+07   9.2142880e+07
   1.9529293e-01   1.7320846e+08   1.6877579e+08   1.6446911e+08   1.6017791e+08   1.5604945e+08   1.5193675e+08   1.4802324e+08   1.4404236e+08   1.4028238e+08   1.3654246e+08   1.3275744e+08   1.2868034e+08   1.2442946e+08   1.2233601e+08   1.1839316e+08
   2.0133333e-01   1.9245885e+08   1.8812199e+08   1.8389204e+08   1.7965695e+08   1.7556298e+08   1.7147222e+08   1.6756839e+08   1.6358790e+08   1.5981855e+08   1.5606223e+08   1.5224955e+08   1.4813178e+08   1.4382696e+08   1.4170279e+08   1.3766993e+08
   2.0737374e-01   2.0016539e+08   1.9615635e+08   1.9223192e+08   1.8828453e+08   1.8445131e+08   1.8061052e+08   1.7693586e+08   1.7318130e+08   1.6961815e+08   1.6606171e+08   1.6244341e+08   1.5852726e+08   1.5442439e+08   1.5239676e+08   1.4852315e+08
   2.1341414e-01   1.9677200e+08   1.9326582e+08   1.8982090e+08   1.8633923e+08   1.8294241e+08   1.7952959e+08   1.7625638e+08   1.7290542e+08   1.6971895e+08   1.6653395e+08   1.6328682e+08   1.5976589e+08   1.5607014e+08   1.5424132e+08   1.5072909e+08
   2.1945455e-01   1.8378081e+08   1.8088949e+08   1.7803702e+08   1.7513857e+08   1.7229594e+08   1.6943158e+08   1.6667733e+08   1.6385193e+08   1.6115993e+08   1.5846541e+08   1.5571289e+08   1.5272311e+08   1.4957930e+08   1.4802175e+08   1.4501617e+08
   2.2549495e-01   1.6339017e+08   1.6116262e+08   1.5895398e+08   1.5669478e+08   1.5446488e+08   1.5221021e+08   1.5003585e+08   1.4780023e+08   1.4566563e+08   1.4352585e+08   1.4133561e+08   1.3895240e+08   1.3644190e+08   1.3519665e+08   1.3278258e+08
   2.3153535e-01   1.3815335e+08   1.3658033e+08   1.3500991e+08   1.3338866e+08   1.3177438e+08   1.3013483e+08   1.2854778e+08   1.2691135e+08   1.2534496e+08   1.2377203e+08   1.2215841e+08   1.2039928e+08   1.1854252e+08   1.1762043e+08   1.1582428e+08
   2.3757576e-01   1.1067686e+08   1.0969992e+08   1.0871361e+08   1.0767992e+08   1.0663615e+08   1.0556879e+08   1.0452996e+08   1.0345443e+08   1.0242147e+08   1.0138183e+08   1.0031237e+08   9.9143862e+07   9.7907540e+07   9.7292748e+07   9.6088930e+07
   2.4361616e-01   8.3372430e+07   8.2895566e+07   8.2402005e+07   8.1867408e+07   8.1311538e+07   8.0735493e+07   8.0169122e+07   7.9578391e+07   7.9007903e+07   7.8431614e+07   7.7836491e+07   7.7184261e+07   7.6491845e+07   7.6146992e+07   7.5467661e+07
   2.4965657e-01   5.8271125e+07   5.8173926e+07   5.8057218e+07   5.7907831e+07   5.7731841e+07   5.7540309e+07   5.7345412e+07   5.7137273e+07   5.6933138e+07   5.6724886e+07   5.6508003e+07   5.6268893e+07   5.6013213e+07   5.5885633e+07   5.5632482e+07
   2.5569697e-01   3.6902958e+07   3.7053918e+07   3.7186640e+07   3.7296142e+07   3.7379139e+07   3.7451922e+07   3.7514255e+07   3.7572577e+07   3.7625084e+07   3.7675717e+07   3.7726479e+07   3.7781216e+07   3.7837786e+07   3.7866103e+07   3.7922972e+07
   2.6173737e-01   2.0240068e+07   2.0509058e+07   2.0764464e+07   2.1006363e+07   2.1226481e+07   2.1441912e+07   2.1645389e+07   2.1851801e+07   2.2048755e+07   2.2246378e+07   2.2451010e+07   2.2676496e+07   2.2916416e+07   2.3036925e+07   2.3282107e+07
   2.6777778e-01   8.6975383e+06   8.9665168e+06   9.2290716e+06   9.4873516e+06   9.7321331e+06   9.9775228e+06   1.0214251e+07   1.0458425e+07   1.0694946e+07   1.0934741e+07   1.1186321e+07   1.1466544e+07   1.1767981e+07   1.1920349e+07   1.2237628e+07
   2.7381818e-01   2.1824749e+06   2.3537949e+06   2.5273963e+06   2.7048887e+06   2.8795101e+06   3.0594459e+06   3.2377305e+06   3.4256159e+06   3.6120089e+06   3.8041261e+06   4.0106864e+06   4.2455517e+06   4.5030678e+06   4.6349670e+06   4.9226682e+06
   2.7985859e-01   1.7973809e+05   1.8168278e+05   1.9518981e+05   2.1926855e+05   2.5219980e+05   2.9430419e+05   3.4422919e+05   4.0381865e+05   4.7111377e+05   5.4625071e+05   6.3652994e+05   7.4816373e+05   8.7939424e+05   9.4982976e+05   1.1274025e+06
   2.8589899e-01   1.8615905e+06   1.6510182e+06   1.4609667e+06   1.2864371e+06   1.1323949e+06   9.9037678e+05   8.6680962e+05   7.5127765e+05   6.5428025e+05   5.6677820e+05   4.9345062e+05   4.2977230e+05   3.7925308e+05   3.6048562e+05   3.7240067e+05
   2.9193939e-01   6.2084626e+06   5.7706966e+06   5.3613212e+06   4.9706056e+06   4.6108896e+06   4.2649768e+06   3.9480664e+06   3.6363487e+06   3.3542596e+06   3.0827733e+06   2.8232082e+06   2.5588286e+06   2.2990168e+06   2.1770950e+06   1.9940817e+06
   2.9797980e-01   1.2128961e+07   1.1475263e+07   1.0856148e+07   1.0257083e+07   9.6975870e+06   9.1526244e+06   8.6460616e+06   8.1411435e+06   7.6759997e+06   7.2219876e+06   6.7767844e+06   6.3114889e+06   5.8412469e+06   5.6152839e+06   5.2331452e+06
   3.0402020e-01   1.8568949e+07   1.7732075e+07   1.6933916e+07   1.6155629e+07   1.5422977e+07   1.4704635e+07   1.4032094e+07   1.3357433e+07   1.2730769e+07   1.2115201e+07   1.1504899e+07   1.0860145e+07   1.0201133e+07   9.8815444e+06   9.3179566e+06
   3.1006061e-01   2.4601818e+07   2.3630258e+07   2.2699310e+07   2.1786758e+07   2.0923112e+07   2.0072752e+07   1.9273038e+07   1.8467650e+07   1.7715877e+07   1.6974656e+07   1.6235124e+07   1.5449094e+07   1.4640635e+07   1.4246619e+07   1.3536441e+07
   3.1610101e-01   2.9494699e+07   2.8446231e+07   2.7438071e+07   2.6445861e+07   2.5503008e+07   2.4571805e+07   2.3693269e+07   2.2806058e+07   2.1975117e+07   2.1153761e+07   2.0330816e+07   1.9452626e+07   1.8545669e+07   1.8102233e+07   1.7291912e+07
   3.2214141e-01   3.2748063e+07   3.1683264e+07   3.0656482e+07   2.9642578e+07   2.8675879e+07   2.7718791e+07   2.6813586e+07   2.5897496e+07   2.5037321e+07   2.4185449e+07   2.3329267e+07   2.2412928e+07   2.1463744e+07   2.0998591e+07   2.0140255e+07
   3.2818182e-01   3.4108773e+07   3.3085041e+07   3.2095401e+07   3.1115285e+07   3.0178030e+07   2.9248156e+07   2.8366848e+07   2.7473359e+07   2.6632661e+07   2.5798791e+07   2.4958609e+07   2.4057300e+07   2.3121475e+07   2.2662041e+07   2.1807829e+07
   3.3422222e-01   3.3558910e+07   3.2625452e+07   3.1720986e+07   3.0822720e+07   2.9961335e+07   2.9105100e+07   2.8292059e+07   2.7466475e+07   2.6688258e+07   2.5915324e+07   2.5134873e+07   2.4295981e+07   2.3423209e+07   2.2994082e+07   2.2191180e+07
   3.4026263e-01   3.1284487e+07   3.0478614e+07   2.9695967e+07   2.8916488e+07   2.8166908e+07   2.7420419e+07   2.6710306e+07   2.5988152e+07   2.5306274e+07   2.4628184e+07   2.3942158e+07   2.3203433e+07   2.2433471e+07   2.2054379e+07   2.1341111e+07
   3.4630303e-01   2.7629432e+07   2.6974331e+07   2.6336540e+07   2.5699378e+07   2.5084787e+07   2.4471534e+07   2.3887077e+07   2.3291795e+07   2.2728765e+07   2.2168171e+07   2.1599933e+07   2.0986980e+07   2.0346978e+07   2.0031464e+07   1.9434660e+07
   3.5234343e-01   2.3040833e+07   2.2544862e+07   2.2060610e+07   2.1575077e+07   2.1105059e+07   2.0635023e+07   2.0186129e+07   1.9728148e+07   1.9294197e+07   1.8861558e+07   1.8422149e+07   1.7947311e+07   1.7450614e+07   1.7205426e+07   1.6739160e+07
   3.5838384e-01   1.8011499e+07   1.7668901e+07   1.7333160e+07   1.6994920e+07   1.6665947e+07   1.6336047e+07   1.6020191e+07   1.5697284e+07   1.5390681e+07   1.5084546e+07   1.4772934e+07   1.4435530e+07   1.4081883e+07   1.3907063e+07   1.3572708e+07
   3.6442424e-01   1.3025422e+07   1.2818248e+07   1.2614104e+07   1.2406936e+07   1.2204006e+07   1.1999697e+07   1.1803406e+07   1.1602182e+07   1.1410611e+07   1.1218972e+07   1.1023390e+07   1.0811128e+07   1.0588116e+07   1.0477697e+07   1.0265156e+07
   3.7046465e-01   8.5107906e+06   8.4117417e+06   8.3131152e+06   8.2115798e+06   8.1107399e+06   8.0084986e+06   7.9096972e+06   7.8079615e+06   7.7107336e+06   7.6132118e+06   7.5133482e+06   7.4046586e+06   7.2901209e+06   7.2333085e+06   7.1231696e+06
   3.7650505e-01   4.8040140e+06   4.7798489e+06   4.7547845e+06   4.7274666e+06   4.6989021e+06   4.6692862e+06   4.6401921e+06   4.6098797e+06   4.5806886e+06   4.5512645e+06   4.5210143e+06   4.4880018e+06   4.4530910e+06   4.4357643e+06   4.4020934e+06
   3.8254545e-01   2.1268125e+06   2.1419616e+06   2.1561253e+06   2.1691038e+06   2.1804583e+06   2.1914045e+06   2.2016570e+06   2.2120091e+06   2.2219269e+06   2.2319166e+06   2.2423864e+06   2.2540616e+06   2.2666096e+06   2.2729767e+06   2.2864192e+06
   3.8858586e-01   5.7701536e+05   5.9705604e+05   6.1711039e+05   6.3731584e+05   6.5691726e+05   6.7695322e+05   6.9667043e+05   7.1734357e+05   7.3775819e+05   7.5873582e+05   7.8120397e+05   8.0667352e+05   8.3451884e+05   8.4875705e+05   8.7963470e+05
   3.9462626e-01   1.3238518e+05   1.2707790e+05   1.2363916e+05   1.2180703e+05   1.2151598e+05   1.2260417e+05   1.2509435e+05   1.2892453e+05   1.3415667e+05   1.4056256e+05   1.4912690e+05   1.6045430e+05   1.7443402e+05   1.8216625e+05   2.0328397e+05
   4.0066667e-01   6.6566547e+05   6.1131689e+05   5.6126578e+05   5.1425629e+05   4.7171353e+05   4.3150157e+05   3.9541623e+05   3.6061834e+05   3.3001010e+05   3.0123617e+05   2.7493801e+05   2.4944479e+05   2.2580735e+05   2.1529578e+05   2.0423050e+05
   4.0670707e-01   1.9682042e+06   1.8492060e+06   1.7372034e+06   1.6295353e+06   1.5296599e+06   1.4329888e+06   1.3437726e+06   1.2554282e+06   1.1747622e+06   1.0965738e+06   1.0208536e+06   9.4270384e+05   8.6477856e+05   8.2775324e+05   7.6846450e+05
   4.1274747e-01   3.7789933e+06   3.5884728e+06   3.4076150e+06   3.2321466e+06   3.0678178e+06   2.9074192e+06   2.7579904e+06   2.6087540e+06   2.4709362e+06   2.3361626e+06   2.2035770e+06   2.0645680e+06   1.9236086e+06   1.8556899e+06   1.7393701e+06
   4.1878788e-01   5.8157884e+06   5.5553920e+06   5.3070251e+06   5.0647982e+06   4.8367331e+06   4.6131263e+06   4.4037959e+06   4.1938278e+06   3.9988399e+06   3.8073383e+06   3.6175424e+06   3.4171037e+06   3.2123063e+06   3.1130211e+06   2.9381804e+06
   4.2482828e-01   7.8051213e+06   7.4840282e+06   7.1768133e+06   6.8761502e+06   6.5920621e+06   6.3127332e+06   6.0504406e+06   5.7866431e+06   5.5408355e+06   5.2987993e+06   5.0578636e+06   4.8023382e+06   4.5401102e+06   4.4125379e+06   4.1843891e+06
   4.3086869e-01   9.5084438e+06   9.1417686e+06   8.7901499e+06   8.4451524e+06   8.1183308e+06   7.7963342e+06   7.4933308e+06   7.1880216e+06   6.9028738e+06   6.6216084e+06   6.3407947e+06   6.0421353e+06   5.7347516e+06   5.5848684e+06   5.3141350e+06
   4.3690909e-01   1.0742280e+07   1.0349062e+07   9.9713314e+06   9.5999728e+06   9.2474679e+06   8.8996302e+06   8.5717821e+06   8.2409773e+06   7.9314866e+06   7.6258144e+06   7.3199734e+06   6.9940285e+06   6.6578561e+06   6.4936651e+06   6.1949783e+06
   4.4294949e-01   1.1391037e+07   1.0992039e+07   1.0608208e+07   1.0230228e+07   9.8708403e+06   9.5157675e+06   9.1806677e+06   8.8421688e+06   8.5250504e+06   8.2115260e+06   7.8972994e+06   7.5618839e+06   7.2153801e+06   7.0459286e+06   6.7359993e+06
   4.4898990e-01   1.1411945e+07   1.1027478e+07   1.0657170e+07   1.0291987e+07   9.9442667e+06   9.6003560e+06   9.2754370e+06   8.9469155e+06   8.6387979e+06   8.3339155e+06   8.0279268e+06   7.7008780e+06   7.3625676e+06   7.1969524e+06   6.8927123e+06
   4.5503030e-01   1.0832409e+07   1.0480378e+07   1.0140937e+07   9.8057618e+06   9.4861988e+06   9.1698388e+06   8.8706622e+06   8.5679204e+06   8.2837034e+06   8.0022654e+06   7.7194686e+06   7.4168693e+06   7.1034928e+06   6.9499489e+06   6.6668357e+06
   4.6107071e-01   9.7407165e+06   9.4350537e+06   9.1400199e+06   8.8483368e+06   8.5698984e+06   8.2940093e+06   8.0328748e+06   7.7684296e+06   7.5199456e+06   7.2737285e+06   7.0260573e+06   6.7607773e+06   6.4857687e+06   6.3509185e+06   6.1014556e+06
   4.6711111e-01   8.2716297e+06   8.0212294e+06   7.7792933e+06   7.5398150e+06   7.3109327e+06   7.0839532e+06   6.8689308e+06   6.6510263e+06   6.4461027e+06   6.2429228e+06   6.0383388e+06   5.8190057e+06   5.5914138e+06   5.4797341e+06   5.2725118e+06
   4.7315152e-01   6.5887100e+06   6.3969152e+06   6.2114144e+06   6.0275679e+06   5.8516345e+06   5.6770152e+06   5.5114562e+06   5.3435601e+06   5.1855390e+06   5.0287695e+06   4.8707676e+06   4.7012267e+06   4.5251449e+06   4.4386834e+06   4.2778041e+06
   4.7919192e-01   4.8653776e+06   4.7300291e+06   4.5989854e+06   4.4689370e+06   4.3443193e+06   4.2205262e+06   4.1030600e+06   3.9838544e+06   3.8715763e+06   3.7601263e+06   3.6477047e+06   3.5269785e+06   3.4014943e+06   3.3398415e+06   3.2248424e+06
   4.8523232e-01   3.2666535e+06   3.1806513e+06   3.0973045e+06   3.0144789e+06   2.9350035e+06   2.8559939e+06   2.7809720e+06   2.7047984e+06   2.6330147e+06   2.5617342e+06   2.4897954e+06   2.4125071e+06   2.3321342e+06   2.2926327e+06   2.2188533e+06
   4.9127273e-01   1.9332932e+06   1.8855795e+06   1.8393305e+06   1.7933365e+06   1.7491682e+06   1.7052565e+06   1.6635684e+06   1.6212501e+06   1.5813929e+06   1.5418327e+06   1.5019438e+06   1.4591272e+06   1.4146403e+06   1.3927927e+06   1.3521169e+06
   4.9731313e-01   9.6964423e+05   9.4648463e+05   9.2413041e+05   9.0197833e+05   8.8077842e+05   8.5978203e+05   8.3993809e+05   8.1987519e+05   8.0108424e+05   7.8251215e+05   7.6392498e+05   7.4411535e+05   7.2367924e+05   7.1370104e+05   6.9557328e+05
   5.0335354e-01   4.3608776e+05   4.2251221e+05   4.0963561e+05   3.9711124e+05   3.8534868e+05   3.7388690e+05   3.6324703e+05   3.5266090e+05   3.4295264e+05   3.3351200e+05   3.2432848e+05   3.1481027e+05   3.0527333e+05   3.0072681e+05   2.9332536e+05
   5.0939394e-01   3.4641283e+05   3.2767136e+05   3.1004814e+05   2.9310512e+05   2.7738733e+05   2.6220095e+05   2.4822521e+05   2.3442561e+05   2.2188518e+05   2.0977676e+05   1.9813905e+05   1.8622247e+05   1.7444127e+05   1.6888591e+05   1.6032998e+05
   5.1543434e-01   6.6996863e+05   6.3286779e+05   5.9775943e+05   5.6380080e+05   5.3210001e+05   5.0126883e+05   4.7267182e+05   4.4422795e+05   4.1811151e+05   3.9268731e+05   3.6788074e+05   3.4208548e+05   3.1615468e+05   3.0375114e+05   2.8322617e+05
   5.2147475e-01   1.3379931e+06   1.2719996e+06   1.2092223e+06   1.1481615e+06   1.0908316e+06   1.0347848e+06   9.8249469e+05   9.3020862e+05   8.8186075e+05   8.3453492e+05   7.8790736e+05   7.3895046e+05   6.8923027e+05   6.6524543e+05   6.2394699e+05
   5.2751515e-01   2.2531646e+06   2.1511926e+06   2.0538809e+06   1.9589010e+06   1.8694068e+06   1.7816482e+06   1.6994963e+06   1.6171038e+06   1.5406187e+06   1.4655247e+06   1.3911508e+06   1.3126616e+06   1.2325222e+06   1.1936955e+06   1.1255172e+06
   5.3355556e-01   3.3011914e+06   3.1600241e+06   3.0250414e+06   2.8930055e+06   2.7683179e+06   2.6458210e+06   2.5309182e+06   2.4154720e+06   2.3080560e+06   2.2024079e+06   2.0974559e+06   1.9863715e+06   1.8726066e+06   1.8173542e+06   1.7192741e+06
   5.3959596e-01   4.3631520e+06   4.1834859e+06   4.0114703e+06   3.8429701e+06   3.6836165e+06   3.5268760e+06   3.3796637e+06   3.2315876e+06   3.0936125e+06   2.9577590e+06   2.8225473e+06   2.6791762e+06   2.5320716e+06   2.4605205e+06   2.3326738e+06
   5.4563636e-01   5.3273320e+06   5.1134669e+06   4.9085344e+06   4.7075993e+06   4.5173879e+06   4.3301492e+06   4.1541448e+06   3.9769770e+06   3.8117403e+06   3.6489288e+06   3.4866907e+06   3.3144628e+06   3.1375390e+06   3.0514024e+06   2.8968550e+06
   5.5167677e-01   6.0994506e+06   5.8586791e+06   5.6278352e+06   5.4013526e+06   5.1868210e+06   4.9755343e+06   4.7768161e+06   4.5766884e+06   4.3899252e+06   4.2058188e+06   4.0222180e+06   3.8271669e+06   3.6266443e+06   3.5289591e+06   3.3532277e+06
   5.5771717e-01   6.6104131e+06   6.3521858e+06   6.1045207e+06   5.8614411e+06   5.6310982e+06   5.4041681e+06   5.1906655e+06   4.9755856e+06   4.7747944e+06   4.5768041e+06   4.3792641e+06   4.1693093e+06   3.9533645e+06   3.8481276e+06   3.6585080e+06
   5.6375758e-01   6.8210325e+06   6.5559910e+06   6.3017465e+06   6.0521609e+06   5.8156063e+06   5.5825197e+06   5.3631880e+06   5.1422031e+06   4.9358609e+06   4.7323685e+06   4.5292903e+06   4.3134002e+06   4.0912988e+06   3.9830417e+06   3.7878236e+06
   5.6979798e-01   6.7235002e+06   6.4624740e+06   6.2120749e+06   5.9662573e+06   5.7332673e+06   5.5036876e+06   5.2876501e+06   5.0699794e+06   4.8667258e+06   4.6662748e+06   4.4662244e+06   4.2535454e+06   4.0347393e+06   3.9280852e+06   3.7357334e+06
   5.7583838e-01   6.3397153e+06   6.0927754e+06   5.8559161e+06   5.6234201e+06   5.4030849e+06   5.1859968e+06   4.9817361e+06   4.7759505e+06   4.5838175e+06   4.3943506e+06   4.2052907e+06   4.0043247e+06   3.7975996e+06   3.6968459e+06   3.5152268e+06
   5.8187879e-01   5.7168794e+06   5.4925297e+06   5.2773930e+06   5.0662795e+06   4.8662659e+06   4.6692451e+06   4.4839113e+06   4.2972338e+06   4.1229878e+06   3.9511946e+06   3.7798293e+06   3.5977319e+06   3.4104791e+06   3.3192401e+06   3.1549622e+06
   5.8791919e-01   4.9209944e+06   4.7255621e+06   4.5382316e+06   4.3544875e+06   4.1804844e+06   4.0091483e+06   3.8480392e+06   3.6858181e+06   3.5344660e+06   3.3852937e+06   3.2365761e+06   3.0786295e+06   2.9163005e+06   2.8372402e+06   2.6951595e+06
   5.9395960e-01   4.0290578e+06   3.8663227e+06   3.7104249e+06   3.5576110e+06   3.4129934e+06   3.2706685e+06   3.1369155e+06   3.0023072e+06   2.8767977e+06   2.7531557e+06   2.6299919e+06   2.4992879e+06   2.3650663e+06   2.2997373e+06   2.1826625e+06
   6.0000000e-01   3.1208104e+06   2.9918881e+06   2.8684811e+06   2.7476217e+06   2.6333469e+06   2.5209666e+06   2.4154387e+06   2.3093104e+06   2.2104443e+06   2.1131155e+06   2.0162757e+06   1.9136218e+06   1.8083262e+06   1.7571231e+06   1.6657304e+06
