% Matrix A (3 columns: 1, 2*f1, f1^2 + f2^2)
1.000000000000000000e+00 -2.061931629068840266e+01 1.215235439981199761e+02
1.000000000000000000e+00 -2.228998464615919417e+01 1.391681143552292497e+02
1.000000000000000000e+00 -2.381403842313207164e+01 1.566321142663509249e+02
1.000000000000000000e+00 -2.541156198279638545e+01 1.762645360334317388e+02
1.000000000000000000e+00 -2.691469685440274162e+01 1.961127498372220828e+02
1.000000000000000000e+00 -2.849027152466694801e+01 2.181425494269165597e+02
1.000000000000000000e+00 -2.999890681808186343e+01 2.407536125993133851e+02
1.000000000000000000e+00 -3.144929843501742894e+01 2.635436303819041086e+02
1.000000000000000000e+00 -3.282151673134913494e+01 2.867981744688749473e+02
1.000000000000000000e+00 -3.483630955265323337e+01 3.226448067018883421e+02
1.000000000000000000e+00 -3.618225193351717195e+01 3.486791235373881932e+02
1.000000000000000000e+00 -3.680260413654015395e+01 3.611542184877527006e+02
1.000000000000000000e+00 -3.773403397490427835e+01 3.850988110970421303e+02
